region	chr	midPos	Nsites
(62,561)(100,599)(100,600)	Pt	350	501	0.485593
(162,661)(200,699)(200,700)	Pt	450	501	0.490106
(262,761)(300,799)(300,800)	Pt	550	501	0.457517
(362,861)(400,899)(400,900)	Pt	650	501	0.436653
(462,961)(500,999)(500,1000)	Pt	750	501	0.448380
(562,1061)(600,1099)(600,1100)	Pt	850	501	0.488389
(662,1161)(700,1199)(700,1200)	Pt	950	501	0.497141
(762,1261)(800,1299)(800,1300)	Pt	1050	501	0.490027
(862,1361)(900,1399)(900,1400)	Pt	1150	501	0.493764
(962,1461)(1000,1499)(1000,1500)	Pt	1250	501	0.462604
(1062,1561)(1100,1599)(1100,1600)	Pt	1350	501	0.441583
(1162,1661)(1200,1699)(1200,1700)	Pt	1450	501	0.413687
(1262,1761)(1300,1799)(1300,1800)	Pt	1550	501	0.442707
(1362,1861)(1400,1899)(1400,1900)	Pt	1650	501	0.444339
(1462,1961)(1500,1999)(1500,2000)	Pt	1750	501	0.497285
(1562,2061)(1600,2099)(1600,2100)	Pt	1850	501	0.501916
(1662,2161)(1700,2199)(1700,2200)	Pt	1950	501	0.534067
(1762,2261)(1800,2299)(1800,2300)	Pt	2050	501	0.564805
(1862,2361)(1900,2399)(1900,2400)	Pt	2150	501	0.545033
(1962,2461)(2000,2499)(2000,2500)	Pt	2250	501	0.506257
(2062,2561)(2100,2599)(2100,2600)	Pt	2350	501	0.476791
(2162,2661)(2200,2699)(2200,2700)	Pt	2450	501	0.451757
(2262,2761)(2300,2799)(2300,2800)	Pt	2550	501	0.436603
(2362,2861)(2400,2899)(2400,2900)	Pt	2650	501	0.466837
(2462,2961)(2500,2999)(2500,3000)	Pt	2750	501	0.518477
(2562,3061)(2600,3099)(2600,3100)	Pt	2850	501	0.525211
(2662,3161)(2700,3199)(2700,3200)	Pt	2950	501	0.544297
(2762,3261)(2800,3299)(2800,3300)	Pt	3050	501	0.532615
(2862,3361)(2900,3399)(2900,3400)	Pt	3150	501	0.488793
(2962,3461)(3000,3499)(3000,3500)	Pt	3250	501	0.477920
(3062,3561)(3100,3599)(3100,3600)	Pt	3350	501	0.470839
(3162,3661)(3200,3699)(3200,3700)	Pt	3450	501	0.493209
(3262,3761)(3300,3799)(3300,3800)	Pt	3550	501	0.534462
(3362,3861)(3400,3899)(3400,3900)	Pt	3650	501	0.548810
(3462,3961)(3500,3999)(3500,4000)	Pt	3750	501	0.529955
(3562,4061)(3600,4099)(3600,4100)	Pt	3850	501	0.494640
(3662,4161)(3700,4199)(3700,4200)	Pt	3950	501	0.441741
(3762,4261)(3800,4299)(3800,4300)	Pt	4050	501	0.347896
(3862,4361)(3900,4399)(3900,4400)	Pt	4150	501	0.404099
(3962,4461)(4000,4499)(4000,4500)	Pt	4250	501	0.465354
(4062,4561)(4100,4599)(4100,4600)	Pt	4350	501	0.497979
(4162,4661)(4200,4699)(4200,4700)	Pt	4450	501	0.523256
(4262,4761)(4300,4799)(4300,4800)	Pt	4550	501	0.529574
(4362,4861)(4400,4899)(4400,4900)	Pt	4650	501	0.489376
(4462,4961)(4500,4999)(4500,5000)	Pt	4750	501	0.506985
(4562,5061)(4600,5099)(4600,5100)	Pt	4850	501	0.562394
(4662,5161)(4700,5199)(4700,5200)	Pt	4950	501	0.539422
(4762,5261)(4800,5299)(4800,5300)	Pt	5050	501	0.556979
(4862,5361)(4900,5399)(4900,5400)	Pt	5150	501	0.557951
(4962,5461)(5000,5499)(5000,5500)	Pt	5250	501	0.533244
(5062,5561)(5100,5599)(5100,5600)	Pt	5350	501	0.474934
(5162,5661)(5200,5699)(5200,5700)	Pt	5450	501	0.463601
(5262,5761)(5300,5799)(5300,5800)	Pt	5550	501	0.457187
(5362,5861)(5400,5899)(5400,5900)	Pt	5650	501	0.481123
(5462,5961)(5500,5999)(5500,6000)	Pt	5750	501	0.457579
(5562,6061)(5600,6099)(5600,6100)	Pt	5850	501	0.427085
(5662,6161)(5700,6199)(5700,6200)	Pt	5950	501	0.439474
(5762,6261)(5800,6299)(5800,6300)	Pt	6050	501	0.409469
(5862,6361)(5900,6399)(5900,6400)	Pt	6150	501	0.358275
(5962,6461)(6000,6499)(6000,6500)	Pt	6250	501	0.377173
(6062,6561)(6100,6599)(6100,6600)	Pt	6350	501	0.431068
(6162,6661)(6200,6699)(6200,6700)	Pt	6450	501	0.458958
(6262,6761)(6300,6799)(6300,6800)	Pt	6550	501	0.478029
(6362,6861)(6400,6899)(6400,6900)	Pt	6650	501	0.494587
(6462,6961)(6500,6999)(6500,7000)	Pt	6750	501	0.499114
(6562,7061)(6600,7099)(6600,7100)	Pt	6850	501	0.480149
(6662,7161)(6700,7199)(6700,7200)	Pt	6950	501	0.472258
(6762,7261)(6800,7299)(6800,7300)	Pt	7050	501	0.460137
(6862,7361)(6900,7399)(6900,7400)	Pt	7150	501	0.447883
(6962,7461)(7000,7499)(7000,7500)	Pt	7250	501	0.442027
(7062,7561)(7100,7599)(7100,7600)	Pt	7350	501	0.460619
(7162,7661)(7200,7699)(7200,7700)	Pt	7450	501	0.445820
(7262,7761)(7300,7799)(7300,7800)	Pt	7550	501	0.482522
(7362,7861)(7400,7899)(7400,7900)	Pt	7650	501	0.496463
(7462,7961)(7500,7999)(7500,8000)	Pt	7750	501	0.472536
(7562,8061)(7600,8099)(7600,8100)	Pt	7850	501	0.466876
(7662,8161)(7700,8199)(7700,8200)	Pt	7950	501	0.490643
(7762,8261)(7800,8299)(7800,8300)	Pt	8050	501	0.472080
(7862,8361)(7900,8399)(7900,8400)	Pt	8150	501	0.442092
(7962,8461)(8000,8499)(8000,8500)	Pt	8250	501	0.437864
(8062,8561)(8100,8599)(8100,8600)	Pt	8350	501	0.444684
(8162,8661)(8200,8699)(8200,8700)	Pt	8450	501	0.417798
(8262,8761)(8300,8799)(8300,8800)	Pt	8550	501	0.423217
(8362,8861)(8400,8899)(8400,8900)	Pt	8650	501	0.420349
(8462,8961)(8500,8999)(8500,9000)	Pt	8750	501	0.440588
(8562,9061)(8600,9099)(8600,9100)	Pt	8850	501	0.401023
(8662,9161)(8700,9199)(8700,9200)	Pt	8950	501	0.474766
(8762,9261)(8800,9299)(8800,9300)	Pt	9050	501	0.456806
(8862,9361)(8900,9399)(8900,9400)	Pt	9150	501	0.487592
(8962,9461)(9000,9499)(9000,9500)	Pt	9250	501	0.471600
(9062,9561)(9100,9599)(9100,9600)	Pt	9350	501	0.472770
(9162,9661)(9200,9699)(9200,9700)	Pt	9450	501	0.456344
(9262,9761)(9300,9799)(9300,9800)	Pt	9550	501	0.454742
(9362,9861)(9400,9899)(9400,9900)	Pt	9650	501	0.433917
(9462,9961)(9500,9999)(9500,10000)	Pt	9750	501	0.425390
(9562,10061)(9600,10099)(9600,10100)	Pt	9850	501	0.436213
(9662,10161)(9700,10199)(9700,10200)	Pt	9950	501	0.388118
(9762,10261)(9800,10299)(9800,10300)	Pt	10050	501	0.417514
(9862,10361)(9900,10399)(9900,10400)	Pt	10150	501	0.420156
(9962,10461)(10000,10499)(10000,10500)	Pt	10250	501	0.417367
(10062,10561)(10100,10599)(10100,10600)	Pt	10350	501	0.400206
(10162,10661)(10200,10699)(10200,10700)	Pt	10450	501	0.406632
(10262,10761)(10300,10799)(10300,10800)	Pt	10550	501	0.415074
(10362,10861)(10400,10899)(10400,10900)	Pt	10650	501	0.403038
(10462,10961)(10500,10999)(10500,11000)	Pt	10750	501	0.455704
(10562,11061)(10600,11099)(10600,11100)	Pt	10850	501	0.494901
(10662,11161)(10700,11199)(10700,11200)	Pt	10950	501	0.555070
(10762,11261)(10800,11299)(10800,11300)	Pt	11050	501	0.536162
(10862,11361)(10900,11399)(10900,11400)	Pt	11150	501	0.547294
(10962,11461)(11000,11499)(11000,11500)	Pt	11250	501	0.574792
(11062,11561)(11100,11599)(11100,11600)	Pt	11350	501	0.568845
(11162,11661)(11200,11699)(11200,11700)	Pt	11450	501	0.539128
(11262,11761)(11300,11799)(11300,11800)	Pt	11550	501	0.569842
(11362,11861)(11400,11899)(11400,11900)	Pt	11650	501	0.562975
(11462,11961)(11500,11999)(11500,12000)	Pt	11750	501	0.521194
(11562,12061)(11600,12099)(11600,12100)	Pt	11850	501	0.502295
(11662,12161)(11700,12199)(11700,12200)	Pt	11950	501	0.490093
(11762,12261)(11800,12299)(11800,12300)	Pt	12050	501	0.434482
(11862,12361)(11900,12399)(11900,12400)	Pt	12150	501	0.424300
(11962,12461)(12000,12499)(12000,12500)	Pt	12250	501	0.419444
(12062,12561)(12100,12599)(12100,12600)	Pt	12350	501	0.455571
(12162,12661)(12200,12699)(12200,12700)	Pt	12450	501	0.488409
(12262,12761)(12300,12799)(12300,12800)	Pt	12550	501	0.509474
(12362,12861)(12400,12899)(12400,12900)	Pt	12650	501	0.500348
(12462,12961)(12500,12999)(12500,13000)	Pt	12750	501	0.492174
(12562,13061)(12600,13099)(12600,13100)	Pt	12850	501	0.433995
(12662,13161)(12700,13199)(12700,13200)	Pt	12950	501	0.390166
(12762,13261)(12800,13299)(12800,13300)	Pt	13050	501	0.375556
(12862,13361)(12900,13399)(12900,13400)	Pt	13150	501	0.387452
(12962,13461)(13000,13499)(13000,13500)	Pt	13250	501	0.390781
(13062,13561)(13100,13599)(13100,13600)	Pt	13350	501	0.371432
(13162,13661)(13200,13699)(13200,13700)	Pt	13450	501	0.361527
(13262,13761)(13300,13799)(13300,13800)	Pt	13550	501	0.390970
(13362,13861)(13400,13899)(13400,13900)	Pt	13650	501	0.443856
(13462,13961)(13500,13999)(13500,14000)	Pt	13750	501	0.453135
(13562,14061)(13600,14099)(13600,14100)	Pt	13850	501	0.467304
(13662,14161)(13700,14199)(13700,14200)	Pt	13950	501	0.493972
(13762,14261)(13800,14299)(13800,14300)	Pt	14050	501	0.473544
(13862,14361)(13900,14399)(13900,14400)	Pt	14150	501	0.442519
(13962,14461)(14000,14499)(14000,14500)	Pt	14250	501	0.463326
(14062,14561)(14100,14599)(14100,14600)	Pt	14350	501	0.459876
(14162,14661)(14200,14699)(14200,14700)	Pt	14450	501	0.443454
(14262,14761)(14300,14799)(14300,14800)	Pt	14550	501	0.456034
(14362,14861)(14400,14899)(14400,14900)	Pt	14650	501	0.447227
(14462,14961)(14500,14999)(14500,15000)	Pt	14750	501	0.410741
(14562,15061)(14600,15099)(14600,15100)	Pt	14850	501	0.427075
(14662,15161)(14700,15199)(14700,15200)	Pt	14950	501	0.412618
(14762,15261)(14800,15299)(14800,15300)	Pt	15050	501	0.481716
(14862,15361)(14900,15399)(14900,15400)	Pt	15150	501	0.489088
(14962,15461)(15000,15499)(15000,15500)	Pt	15250	501	0.507386
(15062,15561)(15100,15599)(15100,15600)	Pt	15350	501	0.491828
(15162,15661)(15200,15699)(15200,15700)	Pt	15450	501	0.495391
(15262,15761)(15300,15799)(15300,15800)	Pt	15550	501	0.404167
(15362,15861)(15400,15899)(15400,15900)	Pt	15650	501	0.368023
(15462,15961)(15500,15999)(15500,16000)	Pt	15750	501	0.306676
(15562,16061)(15600,16099)(15600,16100)	Pt	15850	501	0.363876
(15662,16161)(15700,16199)(15700,16200)	Pt	15950	501	0.374979
(15762,16261)(15800,16299)(15800,16300)	Pt	16050	501	0.401906
(15862,16361)(15900,16399)(15900,16400)	Pt	16150	501	0.440653
(15962,16461)(16000,16499)(16000,16500)	Pt	16250	501	0.448318
(16062,16561)(16100,16599)(16100,16600)	Pt	16350	501	0.452564
(16162,16661)(16200,16699)(16200,16700)	Pt	16450	501	0.479634
(16262,16761)(16300,16799)(16300,16800)	Pt	16550	501	0.476395
(16362,16861)(16400,16899)(16400,16900)	Pt	16650	501	0.472433
(16462,16961)(16500,16999)(16500,17000)	Pt	16750	501	0.498769
(16562,17061)(16600,17099)(16600,17100)	Pt	16850	501	0.433411
(16662,17161)(16700,17199)(16700,17200)	Pt	16950	501	0.452099
(16762,17261)(16800,17299)(16800,17300)	Pt	17050	501	0.451254
(16862,17361)(16900,17399)(16900,17400)	Pt	17150	501	0.445678
(16962,17461)(17000,17499)(17000,17500)	Pt	17250	501	0.458810
(17062,17561)(17100,17599)(17100,17600)	Pt	17350	501	0.493253
(17162,17661)(17200,17699)(17200,17700)	Pt	17450	501	0.467819
(17262,17761)(17300,17799)(17300,17800)	Pt	17550	501	0.458429
(17362,17861)(17400,17899)(17400,17900)	Pt	17650	501	0.464309
(17462,17961)(17500,17999)(17500,18000)	Pt	17750	501	0.440375
(17562,18061)(17600,18099)(17600,18100)	Pt	17850	501	0.431558
(17662,18161)(17700,18199)(17700,18200)	Pt	17950	501	0.436655
(17762,18261)(17800,18299)(17800,18300)	Pt	18050	501	0.411622
(17862,18361)(17900,18399)(17900,18400)	Pt	18150	501	0.400976
(17962,18461)(18000,18499)(18000,18500)	Pt	18250	501	0.431361
(18062,18561)(18100,18599)(18100,18600)	Pt	18350	501	0.421578
(18162,18661)(18200,18699)(18200,18700)	Pt	18450	501	0.440197
(18262,18761)(18300,18799)(18300,18800)	Pt	18550	501	0.474427
(18362,18861)(18400,18899)(18400,18900)	Pt	18650	501	0.456407
(18462,18961)(18500,18999)(18500,19000)	Pt	18750	501	0.475370
(18562,19061)(18600,19099)(18600,19100)	Pt	18850	501	0.456529
(18662,19161)(18700,19199)(18700,19200)	Pt	18950	501	0.428748
(18762,19261)(18800,19299)(18800,19300)	Pt	19050	501	0.436777
(18862,19361)(18900,19399)(18900,19400)	Pt	19150	501	0.460509
(18962,19461)(19000,19499)(19000,19500)	Pt	19250	501	0.450723
(19062,19561)(19100,19599)(19100,19600)	Pt	19350	501	0.468543
(19162,19661)(19200,19699)(19200,19700)	Pt	19450	501	0.476391
(19262,19761)(19300,19799)(19300,19800)	Pt	19550	501	0.440716
(19362,19861)(19400,19899)(19400,19900)	Pt	19650	501	0.432726
(19462,19961)(19500,19999)(19500,20000)	Pt	19750	501	0.459708
(19562,20061)(19600,20099)(19600,20100)	Pt	19850	501	0.454004
(19662,20161)(19700,20199)(19700,20200)	Pt	19950	501	0.433226
(19762,20261)(19800,20299)(19800,20300)	Pt	20050	501	0.497419
(19862,20361)(19900,20399)(19900,20400)	Pt	20150	501	0.446459
(19962,20461)(20000,20499)(20000,20500)	Pt	20250	501	0.438118
(20062,20561)(20100,20599)(20100,20600)	Pt	20350	501	0.452487
(20162,20661)(20200,20699)(20200,20700)	Pt	20450	501	0.456339
(20262,20761)(20300,20799)(20300,20800)	Pt	20550	501	0.445812
(20362,20861)(20400,20899)(20400,20900)	Pt	20650	501	0.472521
(20462,20961)(20500,20999)(20500,21000)	Pt	20750	501	0.453382
(20562,21061)(20600,21099)(20600,21100)	Pt	20850	501	0.474699
(20662,21161)(20700,21199)(20700,21200)	Pt	20950	501	0.494747
(20762,21261)(20800,21299)(20800,21300)	Pt	21050	501	0.465298
(20862,21361)(20900,21399)(20900,21400)	Pt	21150	501	0.484755
(20962,21461)(21000,21499)(21000,21500)	Pt	21250	501	0.480379
(21062,21561)(21100,21599)(21100,21600)	Pt	21350	501	0.473851
(21162,21661)(21200,21699)(21200,21700)	Pt	21450	501	0.446386
(21262,21761)(21300,21799)(21300,21800)	Pt	21550	501	0.450035
(21362,21861)(21400,21899)(21400,21900)	Pt	21650	501	0.430249
(21462,21961)(21500,21999)(21500,22000)	Pt	21750	501	0.450082
(21562,22061)(21600,22099)(21600,22100)	Pt	21850	501	0.418294
(21662,22161)(21700,22199)(21700,22200)	Pt	21950	501	0.442057
(21762,22261)(21800,22299)(21800,22300)	Pt	22050	501	0.478631
(21862,22361)(21900,22399)(21900,22400)	Pt	22150	501	0.508264
(21962,22461)(22000,22499)(22000,22500)	Pt	22250	501	0.475151
(22062,22561)(22100,22599)(22100,22600)	Pt	22350	501	0.478312
(22162,22661)(22200,22699)(22200,22700)	Pt	22450	501	0.448015
(22262,22761)(22300,22799)(22300,22800)	Pt	22550	501	0.393229
(22362,22861)(22400,22899)(22400,22900)	Pt	22650	501	0.373813
(22462,22961)(22500,22999)(22500,23000)	Pt	22750	501	0.470286
(22562,23061)(22600,23099)(22600,23100)	Pt	22850	501	0.496998
(22662,23161)(22700,23199)(22700,23200)	Pt	22950	501	0.525695
(22762,23261)(22800,23299)(22800,23300)	Pt	23050	501	0.541686
(22862,23361)(22900,23399)(22900,23400)	Pt	23150	501	0.525794
(22962,23461)(23000,23499)(23000,23500)	Pt	23250	501	0.443030
(23062,23561)(23100,23599)(23100,23600)	Pt	23350	501	0.438349
(23162,23661)(23200,23699)(23200,23700)	Pt	23450	501	0.497485
(23262,23761)(23300,23799)(23300,23800)	Pt	23550	501	0.516913
(23362,23861)(23400,23899)(23400,23900)	Pt	23650	501	0.549396
(23462,23961)(23500,23999)(23500,24000)	Pt	23750	501	0.564458
(23562,24061)(23600,24099)(23600,24100)	Pt	23850	501	0.567935
(23662,24161)(23700,24199)(23700,24200)	Pt	23950	501	0.535763
(23762,24261)(23800,24299)(23800,24300)	Pt	24050	501	0.539882
(23862,24361)(23900,24399)(23900,24400)	Pt	24150	501	0.507814
(23962,24461)(24000,24499)(24000,24500)	Pt	24250	501	0.514413
(24062,24561)(24100,24599)(24100,24600)	Pt	24350	501	0.488903
(24162,24661)(24200,24699)(24200,24700)	Pt	24450	501	0.482078
(24262,24761)(24300,24799)(24300,24800)	Pt	24550	501	0.430776
(24362,24861)(24400,24899)(24400,24900)	Pt	24650	501	0.439112
(24462,24961)(24500,24999)(24500,25000)	Pt	24750	501	0.425997
(24562,25061)(24600,25099)(24600,25100)	Pt	24850	501	0.411355
(24662,25161)(24700,25199)(24700,25200)	Pt	24950	501	0.440272
(24762,25261)(24800,25299)(24800,25300)	Pt	25050	501	0.445586
(24862,25361)(24900,25399)(24900,25400)	Pt	25150	501	0.444306
(24962,25461)(25000,25499)(25000,25500)	Pt	25250	501	0.438807
(25062,25561)(25100,25599)(25100,25600)	Pt	25350	501	0.462592
(25162,25661)(25200,25699)(25200,25700)	Pt	25450	501	0.437141
(25262,25761)(25300,25799)(25300,25800)	Pt	25550	501	0.442701
(25362,25861)(25400,25899)(25400,25900)	Pt	25650	501	0.488343
(25462,25961)(25500,25999)(25500,26000)	Pt	25750	501	0.486525
(25562,26061)(25600,26099)(25600,26100)	Pt	25850	501	0.501054
(25662,26161)(25700,26199)(25700,26200)	Pt	25950	501	0.501358
(25762,26261)(25800,26299)(25800,26300)	Pt	26050	501	0.487919
(25862,26361)(25900,26399)(25900,26400)	Pt	26150	501	0.448848
(25962,26461)(26000,26499)(26000,26500)	Pt	26250	501	0.492452
(26062,26561)(26100,26599)(26100,26600)	Pt	26350	501	0.459751
(26162,26661)(26200,26699)(26200,26700)	Pt	26450	501	0.492235
(26262,26761)(26300,26799)(26300,26800)	Pt	26550	501	0.490626
(26362,26861)(26400,26899)(26400,26900)	Pt	26650	501	0.461146
(26462,26961)(26500,26999)(26500,27000)	Pt	26750	501	0.460464
(26562,27061)(26600,27099)(26600,27100)	Pt	26850	501	0.485039
(26662,27161)(26700,27199)(26700,27200)	Pt	26950	501	0.486760
(26762,27261)(26800,27299)(26800,27300)	Pt	27050	501	0.485512
(26862,27361)(26900,27399)(26900,27400)	Pt	27150	501	0.503277
(26962,27461)(27000,27499)(27000,27500)	Pt	27250	501	0.474425
(27062,27561)(27100,27599)(27100,27600)	Pt	27350	501	0.442472
(27162,27661)(27200,27699)(27200,27700)	Pt	27450	501	0.421092
(27262,27761)(27300,27799)(27300,27800)	Pt	27550	501	0.419650
(27362,27861)(27400,27899)(27400,27900)	Pt	27650	501	0.375212
(27462,27961)(27500,27999)(27500,28000)	Pt	27750	501	0.403026
(27562,28061)(27600,28099)(27600,28100)	Pt	27850	501	0.440126
(27662,28161)(27700,28199)(27700,28200)	Pt	27950	501	0.439883
(27762,28261)(27800,28299)(27800,28300)	Pt	28050	501	0.464590
(27862,28361)(27900,28399)(27900,28400)	Pt	28150	501	0.453607
(27962,28461)(28000,28499)(28000,28500)	Pt	28250	501	0.428563
(28062,28561)(28100,28599)(28100,28600)	Pt	28350	501	0.427186
(28162,28661)(28200,28699)(28200,28700)	Pt	28450	501	0.436002
(28262,28761)(28300,28799)(28300,28800)	Pt	28550	501	0.378946
(28362,28861)(28400,28899)(28400,28900)	Pt	28650	501	0.443272
(28462,28961)(28500,28999)(28500,29000)	Pt	28750	501	0.486022
(28562,29061)(28600,29099)(28600,29100)	Pt	28850	501	0.498923
(28662,29161)(28700,29199)(28700,29200)	Pt	28950	501	0.488534
(28762,29261)(28800,29299)(28800,29300)	Pt	29050	501	0.530989
(28862,29361)(28900,29399)(28900,29400)	Pt	29150	501	0.450606
(28962,29461)(29000,29499)(29000,29500)	Pt	29250	501	0.453621
(29062,29561)(29100,29599)(29100,29600)	Pt	29350	501	0.425699
(29162,29661)(29200,29699)(29200,29700)	Pt	29450	501	0.417127
(29262,29761)(29300,29799)(29300,29800)	Pt	29550	501	0.385642
(29362,29861)(29400,29899)(29400,29900)	Pt	29650	501	0.373363
(29462,29961)(29500,29999)(29500,30000)	Pt	29750	501	0.344086
(29562,30061)(29600,30099)(29600,30100)	Pt	29850	501	0.361810
(29662,30161)(29700,30199)(29700,30200)	Pt	29950	501	0.372075
(29762,30261)(29800,30299)(29800,30300)	Pt	30050	501	0.374938
(29862,30361)(29900,30399)(29900,30400)	Pt	30150	501	0.368474
(29962,30461)(30000,30499)(30000,30500)	Pt	30250	501	0.373816
(30062,30561)(30100,30599)(30100,30600)	Pt	30350	501	0.362209
(30162,30661)(30200,30699)(30200,30700)	Pt	30450	501	0.379446
(30262,30761)(30300,30799)(30300,30800)	Pt	30550	501	0.420328
(30362,30861)(30400,30899)(30400,30900)	Pt	30650	501	0.497053
(30462,30961)(30500,30999)(30500,31000)	Pt	30750	501	0.516735
(30562,31061)(30600,31099)(30600,31100)	Pt	30850	501	0.501263
(30662,31161)(30700,31199)(30700,31200)	Pt	30950	501	0.511543
(30762,31261)(30800,31299)(30800,31300)	Pt	31050	501	0.498219
(30862,31361)(30900,31399)(30900,31400)	Pt	31150	501	0.484847
(30962,31461)(31000,31499)(31000,31500)	Pt	31250	501	0.471797
(31062,31561)(31100,31599)(31100,31600)	Pt	31350	501	0.507433
(31162,31661)(31200,31699)(31200,31700)	Pt	31450	501	0.504626
(31262,31761)(31300,31799)(31300,31800)	Pt	31550	501	0.509012
(31362,31861)(31400,31899)(31400,31900)	Pt	31650	501	0.481638
(31462,31961)(31500,31999)(31500,32000)	Pt	31750	501	0.450517
(31562,32061)(31600,32099)(31600,32100)	Pt	31850	501	0.451145
(31662,32161)(31700,32199)(31700,32200)	Pt	31950	501	0.463270
(31762,32261)(31800,32299)(31800,32300)	Pt	32050	501	0.465898
(31862,32361)(31900,32399)(31900,32400)	Pt	32150	501	0.464547
(31962,32461)(32000,32499)(32000,32500)	Pt	32250	501	0.482997
(32062,32561)(32100,32599)(32100,32600)	Pt	32350	501	0.484409
(32162,32661)(32200,32699)(32200,32700)	Pt	32450	501	0.475282
(32262,32761)(32300,32799)(32300,32800)	Pt	32550	501	0.478444
(32362,32861)(32400,32899)(32400,32900)	Pt	32650	501	0.494595
(32462,32961)(32500,32999)(32500,33000)	Pt	32750	501	0.490493
(32562,33061)(32600,33099)(32600,33100)	Pt	32850	501	0.470501
(32662,33161)(32700,33199)(32700,33200)	Pt	32950	501	0.470852
(32762,33261)(32800,33299)(32800,33300)	Pt	33050	501	0.447334
(32862,33361)(32900,33399)(32900,33400)	Pt	33150	501	0.429836
(32962,33461)(33000,33499)(33000,33500)	Pt	33250	501	0.451315
(33062,33561)(33100,33599)(33100,33600)	Pt	33350	501	0.437772
(33162,33661)(33200,33699)(33200,33700)	Pt	33450	501	0.449727
(33262,33761)(33300,33799)(33300,33800)	Pt	33550	501	0.458180
(33362,33861)(33400,33899)(33400,33900)	Pt	33650	501	0.474925
(33462,33961)(33500,33999)(33500,34000)	Pt	33750	501	0.433364
(33562,34061)(33600,34099)(33600,34100)	Pt	33850	501	0.460761
(33662,34161)(33700,34199)(33700,34200)	Pt	33950	501	0.461042
(33762,34261)(33800,34299)(33800,34300)	Pt	34050	501	0.480034
(33862,34361)(33900,34399)(33900,34400)	Pt	34150	501	0.451375
(33962,34461)(34000,34499)(34000,34500)	Pt	34250	501	0.469581
(34062,34561)(34100,34599)(34100,34600)	Pt	34350	501	0.444746
(34162,34661)(34200,34699)(34200,34700)	Pt	34450	501	0.414118
(34262,34761)(34300,34799)(34300,34800)	Pt	34550	501	0.402590
(34362,34861)(34400,34899)(34400,34900)	Pt	34650	501	0.416662
(34462,34961)(34500,34999)(34500,35000)	Pt	34750	501	0.394398
(34562,35061)(34600,35099)(34600,35100)	Pt	34850	501	0.416387
(34662,35161)(34700,35199)(34700,35200)	Pt	34950	501	0.431058
(34762,35261)(34800,35299)(34800,35300)	Pt	35050	501	0.459210
(34862,35361)(34900,35399)(34900,35400)	Pt	35150	501	0.443904
(34962,35461)(35000,35499)(35000,35500)	Pt	35250	501	0.460975
(35062,35561)(35100,35599)(35100,35600)	Pt	35350	501	0.500329
(35162,35661)(35200,35699)(35200,35700)	Pt	35450	501	0.527734
(35262,35761)(35300,35799)(35300,35800)	Pt	35550	501	0.515195
(35362,35861)(35400,35899)(35400,35900)	Pt	35650	501	0.508874
(35462,35961)(35500,35999)(35500,36000)	Pt	35750	501	0.504681
(35562,36061)(35600,36099)(35600,36100)	Pt	35850	501	0.469067
(35662,36161)(35700,36199)(35700,36200)	Pt	35950	501	0.472674
(35762,36261)(35800,36299)(35800,36300)	Pt	36050	501	0.437395
(35862,36361)(35900,36399)(35900,36400)	Pt	36150	501	0.441998
(35962,36461)(36000,36499)(36000,36500)	Pt	36250	501	0.399981
(36062,36561)(36100,36599)(36100,36600)	Pt	36350	501	0.407884
(36162,36661)(36200,36699)(36200,36700)	Pt	36450	501	0.428252
(36262,36761)(36300,36799)(36300,36800)	Pt	36550	501	0.454031
(36362,36861)(36400,36899)(36400,36900)	Pt	36650	501	0.465656
(36462,36961)(36500,36999)(36500,37000)	Pt	36750	501	0.483420
(36562,37061)(36600,37099)(36600,37100)	Pt	36850	501	0.481717
(36662,37161)(36700,37199)(36700,37200)	Pt	36950	501	0.455131
(36762,37261)(36800,37299)(36800,37300)	Pt	37050	501	0.446421
(36862,37361)(36900,37399)(36900,37400)	Pt	37150	501	0.436435
(36962,37461)(37000,37499)(37000,37500)	Pt	37250	501	0.469061
(37062,37561)(37100,37599)(37100,37600)	Pt	37350	501	0.457347
(37162,37661)(37200,37699)(37200,37700)	Pt	37450	501	0.474416
(37262,37761)(37300,37799)(37300,37800)	Pt	37550	501	0.475511
(37362,37861)(37400,37899)(37400,37900)	Pt	37650	501	0.468101
(37462,37961)(37500,37999)(37500,38000)	Pt	37750	501	0.448589
(37562,38061)(37600,38099)(37600,38100)	Pt	37850	501	0.480458
(37662,38161)(37700,38199)(37700,38200)	Pt	37950	501	0.492943
(37762,38261)(37800,38299)(37800,38300)	Pt	38050	501	0.512175
(37862,38361)(37900,38399)(37900,38400)	Pt	38150	501	0.545227
(37962,38461)(38000,38499)(38000,38500)	Pt	38250	501	0.526191
(38062,38561)(38100,38599)(38100,38600)	Pt	38350	501	0.532902
(38162,38661)(38200,38699)(38200,38700)	Pt	38450	501	0.530383
(38262,38761)(38300,38799)(38300,38800)	Pt	38550	501	0.517753
(38362,38861)(38400,38899)(38400,38900)	Pt	38650	501	0.503721
(38462,38961)(38500,38999)(38500,39000)	Pt	38750	501	0.497113
(38562,39061)(38600,39099)(38600,39100)	Pt	38850	501	0.490183
(38662,39161)(38700,39199)(38700,39200)	Pt	38950	501	0.466352
(38762,39261)(38800,39299)(38800,39300)	Pt	39050	501	0.455927
(38862,39361)(38900,39399)(38900,39400)	Pt	39150	501	0.419937
(38962,39461)(39000,39499)(39000,39500)	Pt	39250	501	0.450608
(39062,39561)(39100,39599)(39100,39600)	Pt	39350	501	0.425099
(39162,39661)(39200,39699)(39200,39700)	Pt	39450	501	0.433045
(39262,39761)(39300,39799)(39300,39800)	Pt	39550	501	0.435793
(39362,39861)(39400,39899)(39400,39900)	Pt	39650	501	0.475012
(39462,39961)(39500,39999)(39500,40000)	Pt	39750	501	0.459335
(39562,40061)(39600,40099)(39600,40100)	Pt	39850	501	0.465093
(39662,40161)(39700,40199)(39700,40200)	Pt	39950	501	0.447281
(39762,40261)(39800,40299)(39800,40300)	Pt	40050	501	0.476258
(39862,40361)(39900,40399)(39900,40400)	Pt	40150	501	0.442390
(39962,40461)(40000,40499)(40000,40500)	Pt	40250	501	0.449834
(40062,40561)(40100,40599)(40100,40600)	Pt	40350	501	0.462334
(40162,40661)(40200,40699)(40200,40700)	Pt	40450	501	0.463692
(40262,40761)(40300,40799)(40300,40800)	Pt	40550	501	0.432210
(40362,40861)(40400,40899)(40400,40900)	Pt	40650	501	0.460999
(40462,40961)(40500,40999)(40500,41000)	Pt	40750	501	0.468168
(40562,41061)(40600,41099)(40600,41100)	Pt	40850	501	0.439089
(40662,41161)(40700,41199)(40700,41200)	Pt	40950	501	0.453226
(40762,41261)(40800,41299)(40800,41300)	Pt	41050	501	0.484604
(40862,41361)(40900,41399)(40900,41400)	Pt	41150	501	0.499247
(40962,41461)(41000,41499)(41000,41500)	Pt	41250	501	0.481673
(41062,41561)(41100,41599)(41100,41600)	Pt	41350	501	0.488604
(41162,41661)(41200,41699)(41200,41700)	Pt	41450	501	0.490509
(41262,41761)(41300,41799)(41300,41800)	Pt	41550	501	0.451100
(41362,41861)(41400,41899)(41400,41900)	Pt	41650	501	0.410326
(41462,41961)(41500,41999)(41500,42000)	Pt	41750	501	0.440223
(41562,42061)(41600,42099)(41600,42100)	Pt	41850	501	0.452336
(41662,42161)(41700,42199)(41700,42200)	Pt	41950	501	0.454757
(41762,42261)(41800,42299)(41800,42300)	Pt	42050	501	0.435643
(41862,42361)(41900,42399)(41900,42400)	Pt	42150	501	0.434295
(41962,42461)(42000,42499)(42000,42500)	Pt	42250	501	0.454517
(42062,42561)(42100,42599)(42100,42600)	Pt	42350	501	0.434209
(42162,42661)(42200,42699)(42200,42700)	Pt	42450	501	0.397709
(42262,42761)(42300,42799)(42300,42800)	Pt	42550	501	0.453678
(42362,42861)(42400,42899)(42400,42900)	Pt	42650	501	0.436397
(42462,42961)(42500,42999)(42500,43000)	Pt	42750	501	0.403116
(42562,43061)(42600,43099)(42600,43100)	Pt	42850	501	0.422096
(42662,43161)(42700,43199)(42700,43200)	Pt	42950	501	0.458749
(42762,43261)(42800,43299)(42800,43300)	Pt	43050	501	0.445060
(42862,43361)(42900,43399)(42900,43400)	Pt	43150	501	0.472310
(42962,43461)(43000,43499)(43000,43500)	Pt	43250	501	0.484776
(43062,43561)(43100,43599)(43100,43600)	Pt	43350	501	0.477882
(43162,43661)(43200,43699)(43200,43700)	Pt	43450	501	0.485066
(43262,43761)(43300,43799)(43300,43800)	Pt	43550	501	0.485407
(43362,43861)(43400,43899)(43400,43900)	Pt	43650	501	0.509056
(43462,43961)(43500,43999)(43500,44000)	Pt	43750	501	0.486187
(43562,44061)(43600,44099)(43600,44100)	Pt	43850	501	0.516582
(43662,44161)(43700,44199)(43700,44200)	Pt	43950	501	0.471271
(43762,44261)(43800,44299)(43800,44300)	Pt	44050	501	0.482020
(43862,44361)(43900,44399)(43900,44400)	Pt	44150	501	0.466649
(43962,44461)(44000,44499)(44000,44500)	Pt	44250	501	0.501837
(44062,44561)(44100,44599)(44100,44600)	Pt	44350	501	0.489726
(44162,44661)(44200,44699)(44200,44700)	Pt	44450	501	0.500387
(44262,44761)(44300,44799)(44300,44800)	Pt	44550	501	0.493398
(44362,44861)(44400,44899)(44400,44900)	Pt	44650	501	0.490287
(44462,44961)(44500,44999)(44500,45000)	Pt	44750	501	0.436659
(44562,45061)(44600,45099)(44600,45100)	Pt	44850	501	0.475716
(44662,45161)(44700,45199)(44700,45200)	Pt	44950	501	0.462266
(44762,45261)(44800,45299)(44800,45300)	Pt	45050	501	0.470905
(44862,45361)(44900,45399)(44900,45400)	Pt	45150	501	0.467958
(44962,45461)(45000,45499)(45000,45500)	Pt	45250	501	0.475363
(45062,45561)(45100,45599)(45100,45600)	Pt	45350	501	0.469312
(45162,45661)(45200,45699)(45200,45700)	Pt	45450	501	0.497798
(45262,45761)(45300,45799)(45300,45800)	Pt	45550	501	0.487784
(45362,45861)(45400,45899)(45400,45900)	Pt	45650	501	0.484217
(45462,45961)(45500,45999)(45500,46000)	Pt	45750	501	0.497448
(45562,46061)(45600,46099)(45600,46100)	Pt	45850	501	0.463451
(45662,46161)(45700,46199)(45700,46200)	Pt	45950	501	0.415190
(45762,46261)(45800,46299)(45800,46300)	Pt	46050	501	0.373810
(45862,46361)(45900,46399)(45900,46400)	Pt	46150	501	0.406720
(45962,46461)(46000,46499)(46000,46500)	Pt	46250	501	0.408620
(46062,46561)(46100,46599)(46100,46600)	Pt	46350	501	0.404377
(46162,46661)(46200,46699)(46200,46700)	Pt	46450	501	0.444533
(46262,46761)(46300,46799)(46300,46800)	Pt	46550	501	0.467153
(46362,46861)(46400,46899)(46400,46900)	Pt	46650	501	0.455319
(46462,46961)(46500,46999)(46500,47000)	Pt	46750	501	0.478836
(46562,47061)(46600,47099)(46600,47100)	Pt	46850	501	0.479815
(46662,47161)(46700,47199)(46700,47200)	Pt	46950	501	0.457144
(46762,47261)(46800,47299)(46800,47300)	Pt	47050	501	0.486210
(46862,47361)(46900,47399)(46900,47400)	Pt	47150	501	0.508711
(46962,47461)(47000,47499)(47000,47500)	Pt	47250	501	0.492793
(47062,47561)(47100,47599)(47100,47600)	Pt	47350	501	0.484177
(47162,47661)(47200,47699)(47200,47700)	Pt	47450	501	0.482850
(47262,47761)(47300,47799)(47300,47800)	Pt	47550	501	0.450811
(47362,47861)(47400,47899)(47400,47900)	Pt	47650	501	0.438307
(47462,47961)(47500,47999)(47500,48000)	Pt	47750	501	0.445129
(47562,48061)(47600,48099)(47600,48100)	Pt	47850	501	0.434258
(47662,48161)(47700,48199)(47700,48200)	Pt	47950	501	0.452219
(47762,48261)(47800,48299)(47800,48300)	Pt	48050	501	0.435548
(47862,48361)(47900,48399)(47900,48400)	Pt	48150	501	0.447556
(47962,48461)(48000,48499)(48000,48500)	Pt	48250	501	0.439186
(48062,48561)(48100,48599)(48100,48600)	Pt	48350	501	0.448542
(48162,48661)(48200,48699)(48200,48700)	Pt	48450	501	0.435405
(48262,48761)(48300,48799)(48300,48800)	Pt	48550	501	0.441427
(48362,48861)(48400,48899)(48400,48900)	Pt	48650	501	0.422599
(48462,48961)(48500,48999)(48500,49000)	Pt	48750	501	0.414315
(48562,49061)(48600,49099)(48600,49100)	Pt	48850	501	0.421481
(48662,49161)(48700,49199)(48700,49200)	Pt	48950	501	0.473001
(48762,49261)(48800,49299)(48800,49300)	Pt	49050	501	0.476026
(48862,49361)(48900,49399)(48900,49400)	Pt	49150	501	0.472075
(48962,49461)(49000,49499)(49000,49500)	Pt	49250	501	0.487122
(49062,49561)(49100,49599)(49100,49600)	Pt	49350	501	0.472871
(49162,49661)(49200,49699)(49200,49700)	Pt	49450	501	0.412606
(49262,49761)(49300,49799)(49300,49800)	Pt	49550	501	0.422991
(49362,49861)(49400,49899)(49400,49900)	Pt	49650	501	0.418717
(49462,49961)(49500,49999)(49500,50000)	Pt	49750	501	0.468967
(49562,50061)(49600,50099)(49600,50100)	Pt	49850	501	0.497084
(49662,50161)(49700,50199)(49700,50200)	Pt	49950	501	0.488554
(49762,50261)(49800,50299)(49800,50300)	Pt	50050	501	0.500920
(49862,50361)(49900,50399)(49900,50400)	Pt	50150	501	0.518066
(49962,50461)(50000,50499)(50000,50500)	Pt	50250	501	0.516368
(50062,50561)(50100,50599)(50100,50600)	Pt	50350	501	0.510635
(50162,50661)(50200,50699)(50200,50700)	Pt	50450	501	0.521929
(50262,50761)(50300,50799)(50300,50800)	Pt	50550	501	0.529347
(50362,50861)(50400,50899)(50400,50900)	Pt	50650	501	0.516007
(50462,50961)(50500,50999)(50500,51000)	Pt	50750	501	0.500000
(50562,51061)(50600,51099)(50600,51100)	Pt	50850	501	0.510156
(50662,51161)(50700,51199)(50700,51200)	Pt	50950	501	0.495679
(50762,51261)(50800,51299)(50800,51300)	Pt	51050	501	0.479330
(50862,51361)(50900,51399)(50900,51400)	Pt	51150	501	0.506634
(50962,51461)(51000,51499)(51000,51500)	Pt	51250	501	0.483211
(51062,51561)(51100,51599)(51100,51600)	Pt	51350	501	0.475059
(51162,51661)(51200,51699)(51200,51700)	Pt	51450	501	0.473967
(51262,51761)(51300,51799)(51300,51800)	Pt	51550	501	0.474065
(51362,51861)(51400,51899)(51400,51900)	Pt	51650	501	0.473410
(51462,51961)(51500,51999)(51500,52000)	Pt	51750	501	0.487222
(51562,52061)(51600,52099)(51600,52100)	Pt	51850	501	0.477565
(51662,52161)(51700,52199)(51700,52200)	Pt	51950	501	0.463507
(51762,52261)(51800,52299)(51800,52300)	Pt	52050	501	0.451055
(51862,52361)(51900,52399)(51900,52400)	Pt	52150	501	0.454630
(51962,52461)(52000,52499)(52000,52500)	Pt	52250	501	0.450093
(52062,52561)(52100,52599)(52100,52600)	Pt	52350	501	0.461431
(52162,52661)(52200,52699)(52200,52700)	Pt	52450	501	0.471856
(52262,52761)(52300,52799)(52300,52800)	Pt	52550	501	0.479911
(52362,52861)(52400,52899)(52400,52900)	Pt	52650	501	0.456497
(52462,52961)(52500,52999)(52500,53000)	Pt	52750	501	0.491764
(52562,53061)(52600,53099)(52600,53100)	Pt	52850	501	0.499423
(52662,53161)(52700,53199)(52700,53200)	Pt	52950	501	0.480253
(52762,53261)(52800,53299)(52800,53300)	Pt	53050	501	0.488294
(52862,53361)(52900,53399)(52900,53400)	Pt	53150	501	0.480956
(52962,53461)(53000,53499)(53000,53500)	Pt	53250	501	0.429859
(53062,53561)(53100,53599)(53100,53600)	Pt	53350	501	0.424776
(53162,53661)(53200,53699)(53200,53700)	Pt	53450	501	0.430270
(53262,53761)(53300,53799)(53300,53800)	Pt	53550	501	0.415982
(53362,53861)(53400,53899)(53400,53900)	Pt	53650	501	0.444570
(53462,53961)(53500,53999)(53500,54000)	Pt	53750	501	0.451827
(53562,54061)(53600,54099)(53600,54100)	Pt	53850	501	0.475190
(53662,54161)(53700,54199)(53700,54200)	Pt	53950	501	0.468472
(53762,54261)(53800,54299)(53800,54300)	Pt	54050	501	0.453921
(53862,54361)(53900,54399)(53900,54400)	Pt	54150	501	0.425142
(53962,54461)(54000,54499)(54000,54500)	Pt	54250	501	0.414275
(54062,54561)(54100,54599)(54100,54600)	Pt	54350	501	0.402901
(54162,54661)(54200,54699)(54200,54700)	Pt	54450	501	0.449254
(54262,54761)(54300,54799)(54300,54800)	Pt	54550	501	0.444759
(54362,54861)(54400,54899)(54400,54900)	Pt	54650	501	0.466334
(54462,54961)(54500,54999)(54500,55000)	Pt	54750	501	0.498741
(54562,55061)(54600,55099)(54600,55100)	Pt	54850	501	0.466180
(54662,55161)(54700,55199)(54700,55200)	Pt	54950	501	0.407667
(54762,55261)(54800,55299)(54800,55300)	Pt	55050	501	0.424853
(54862,55361)(54900,55399)(54900,55400)	Pt	55150	501	0.428844
(54962,55461)(55000,55499)(55000,55500)	Pt	55250	501	0.401386
(55062,55561)(55100,55599)(55100,55600)	Pt	55350	501	0.418411
(55162,55661)(55200,55699)(55200,55700)	Pt	55450	501	0.440584
(55262,55761)(55300,55799)(55300,55800)	Pt	55550	501	0.440177
(55362,55861)(55400,55899)(55400,55900)	Pt	55650	501	0.465640
(55462,55961)(55500,55999)(55500,56000)	Pt	55750	501	0.459689
(55562,56061)(55600,56099)(55600,56100)	Pt	55850	501	0.453192
(55662,56161)(55700,56199)(55700,56200)	Pt	55950	501	0.489340
(55762,56261)(55800,56299)(55800,56300)	Pt	56050	501	0.486975
(55862,56361)(55900,56399)(55900,56400)	Pt	56150	501	0.459215
(55962,56461)(56000,56499)(56000,56500)	Pt	56250	501	0.492264
(56062,56561)(56100,56599)(56100,56600)	Pt	56350	501	0.498127
(56162,56661)(56200,56699)(56200,56700)	Pt	56450	501	0.464651
(56262,56761)(56300,56799)(56300,56800)	Pt	56550	501	0.468738
(56362,56861)(56400,56899)(56400,56900)	Pt	56650	501	0.488000
(56462,56961)(56500,56999)(56500,57000)	Pt	56750	501	0.457617
(56562,57061)(56600,57099)(56600,57100)	Pt	56850	501	0.459783
(56662,57161)(56700,57199)(56700,57200)	Pt	56950	501	0.456487
(56762,57261)(56800,57299)(56800,57300)	Pt	57050	501	0.451606
(56862,57361)(56900,57399)(56900,57400)	Pt	57150	501	0.424413
(56962,57461)(57000,57499)(57000,57500)	Pt	57250	501	0.437456
(57062,57561)(57100,57599)(57100,57600)	Pt	57350	501	0.439765
(57162,57661)(57200,57699)(57200,57700)	Pt	57450	501	0.441465
(57262,57761)(57300,57799)(57300,57800)	Pt	57550	501	0.432232
(57362,57861)(57400,57899)(57400,57900)	Pt	57650	501	0.429643
(57462,57961)(57500,57999)(57500,58000)	Pt	57750	501	0.450271
(57562,58061)(57600,58099)(57600,58100)	Pt	57850	501	0.407483
(57662,58161)(57700,58199)(57700,58200)	Pt	57950	501	0.387262
(57762,58261)(57800,58299)(57800,58300)	Pt	58050	501	0.395709
(57862,58361)(57900,58399)(57900,58400)	Pt	58150	501	0.389979
(57962,58461)(58000,58499)(58000,58500)	Pt	58250	501	0.365982
(58062,58561)(58100,58599)(58100,58600)	Pt	58350	501	0.362042
(58162,58661)(58200,58699)(58200,58700)	Pt	58450	501	0.372795
(58262,58761)(58300,58799)(58300,58800)	Pt	58550	501	0.399304
(58362,58861)(58400,58899)(58400,58900)	Pt	58650	501	0.425500
(58462,58961)(58500,58999)(58500,59000)	Pt	58750	501	0.402361
(58562,59061)(58600,59099)(58600,59100)	Pt	58850	501	0.429587
(58662,59161)(58700,59199)(58700,59200)	Pt	58950	501	0.472360
(58762,59261)(58800,59299)(58800,59300)	Pt	59050	501	0.494188
(58862,59361)(58900,59399)(58900,59400)	Pt	59150	501	0.493579
(58962,59461)(59000,59499)(59000,59500)	Pt	59250	501	0.499395
(59062,59561)(59100,59599)(59100,59600)	Pt	59350	501	0.505746
(59162,59661)(59200,59699)(59200,59700)	Pt	59450	501	0.481025
(59262,59761)(59300,59799)(59300,59800)	Pt	59550	501	0.483797
(59362,59861)(59400,59899)(59400,59900)	Pt	59650	501	0.479393
(59462,59961)(59500,59999)(59500,60000)	Pt	59750	501	0.478355
(59562,60061)(59600,60099)(59600,60100)	Pt	59850	501	0.466372
(59662,60161)(59700,60199)(59700,60200)	Pt	59950	501	0.461474
(59762,60261)(59800,60299)(59800,60300)	Pt	60050	501	0.435614
(59862,60361)(59900,60399)(59900,60400)	Pt	60150	501	0.399457
(59962,60461)(60000,60499)(60000,60500)	Pt	60250	501	0.426124
(60062,60561)(60100,60599)(60100,60600)	Pt	60350	501	0.444221
(60162,60661)(60200,60699)(60200,60700)	Pt	60450	501	0.438337
(60262,60761)(60300,60799)(60300,60800)	Pt	60550	501	0.450520
(60362,60861)(60400,60899)(60400,60900)	Pt	60650	501	0.468889
(60462,60961)(60500,60999)(60500,61000)	Pt	60750	501	0.443927
(60562,61061)(60600,61099)(60600,61100)	Pt	60850	501	0.453438
(60662,61161)(60700,61199)(60700,61200)	Pt	60950	501	0.458901
(60762,61261)(60800,61299)(60800,61300)	Pt	61050	501	0.451032
(60862,61361)(60900,61399)(60900,61400)	Pt	61150	501	0.446195
(60962,61461)(61000,61499)(61000,61500)	Pt	61250	501	0.456438
(61062,61561)(61100,61599)(61100,61600)	Pt	61350	501	0.449018
(61162,61661)(61200,61699)(61200,61700)	Pt	61450	501	0.470967
(61262,61761)(61300,61799)(61300,61800)	Pt	61550	501	0.507801
(61362,61861)(61400,61899)(61400,61900)	Pt	61650	501	0.505544
(61462,61961)(61500,61999)(61500,62000)	Pt	61750	501	0.513516
(61562,62061)(61600,62099)(61600,62100)	Pt	61850	501	0.491487
(61662,62161)(61700,62199)(61700,62200)	Pt	61950	501	0.477380
(61762,62261)(61800,62299)(61800,62300)	Pt	62050	501	0.401698
(61862,62361)(61900,62399)(61900,62400)	Pt	62150	501	0.406159
(61962,62461)(62000,62499)(62000,62500)	Pt	62250	501	0.377714
(62062,62561)(62100,62599)(62100,62600)	Pt	62350	501	0.395895
(62162,62661)(62200,62699)(62200,62700)	Pt	62450	501	0.415452
(62262,62761)(62300,62799)(62300,62800)	Pt	62550	501	0.455050
(62362,62861)(62400,62899)(62400,62900)	Pt	62650	501	0.443098
(62462,62961)(62500,62999)(62500,63000)	Pt	62750	501	0.450606
(62562,63061)(62600,63099)(62600,63100)	Pt	62850	501	0.440869
(62662,63161)(62700,63199)(62700,63200)	Pt	62950	501	0.400733
(62762,63261)(62800,63299)(62800,63300)	Pt	63050	501	0.405050
(62862,63361)(62900,63399)(62900,63400)	Pt	63150	501	0.434410
(62962,63461)(63000,63499)(63000,63500)	Pt	63250	501	0.445393
(63062,63561)(63100,63599)(63100,63600)	Pt	63350	501	0.478148
(63162,63661)(63200,63699)(63200,63700)	Pt	63450	501	0.455604
(63262,63761)(63300,63799)(63300,63800)	Pt	63550	501	0.430155
(63362,63861)(63400,63899)(63400,63900)	Pt	63650	501	0.423933
(63462,63961)(63500,63999)(63500,64000)	Pt	63750	501	0.439350
(63562,64061)(63600,64099)(63600,64100)	Pt	63850	501	0.439188
(63662,64161)(63700,64199)(63700,64200)	Pt	63950	501	0.462040
(63762,64261)(63800,64299)(63800,64300)	Pt	64050	501	0.440860
(63862,64361)(63900,64399)(63900,64400)	Pt	64150	501	0.474817
(63962,64461)(64000,64499)(64000,64500)	Pt	64250	501	0.465369
(64062,64561)(64100,64599)(64100,64600)	Pt	64350	501	0.442179
(64162,64661)(64200,64699)(64200,64700)	Pt	64450	501	0.425075
(64262,64761)(64300,64799)(64300,64800)	Pt	64550	501	0.432706
(64362,64861)(64400,64899)(64400,64900)	Pt	64650	501	0.391846
(64462,64961)(64500,64999)(64500,65000)	Pt	64750	501	0.407973
(64562,65061)(64600,65099)(64600,65100)	Pt	64850	501	0.425610
(64662,65161)(64700,65199)(64700,65200)	Pt	64950	501	0.445905
(64762,65261)(64800,65299)(64800,65300)	Pt	65050	501	0.476836
(64862,65361)(64900,65399)(64900,65400)	Pt	65150	501	0.478146
(64962,65461)(65000,65499)(65000,65500)	Pt	65250	501	0.484287
(65062,65561)(65100,65599)(65100,65600)	Pt	65350	501	0.451179
(65162,65661)(65200,65699)(65200,65700)	Pt	65450	501	0.449993
(65262,65761)(65300,65799)(65300,65800)	Pt	65550	501	0.445599
(65362,65861)(65400,65899)(65400,65900)	Pt	65650	501	0.423019
(65462,65961)(65500,65999)(65500,66000)	Pt	65750	501	0.386985
(65562,66061)(65600,66099)(65600,66100)	Pt	65850	501	0.408702
(65662,66161)(65700,66199)(65700,66200)	Pt	65950	501	0.397587
(65762,66261)(65800,66299)(65800,66300)	Pt	66050	501	0.475419
(65862,66361)(65900,66399)(65900,66400)	Pt	66150	501	0.497383
(65962,66461)(66000,66499)(66000,66500)	Pt	66250	501	0.517917
(66062,66561)(66100,66599)(66100,66600)	Pt	66350	501	0.517618
(66162,66661)(66200,66699)(66200,66700)	Pt	66450	501	0.509175
(66262,66761)(66300,66799)(66300,66800)	Pt	66550	501	0.464893
(66362,66861)(66400,66899)(66400,66900)	Pt	66650	501	0.423355
(66462,66961)(66500,66999)(66500,67000)	Pt	66750	501	0.398488
(66562,67061)(66600,67099)(66600,67100)	Pt	66850	501	0.381997
(66662,67161)(66700,67199)(66700,67200)	Pt	66950	501	0.400261
(66762,67261)(66800,67299)(66800,67300)	Pt	67050	501	0.400559
(66862,67361)(66900,67399)(66900,67400)	Pt	67150	501	0.427581
(66962,67461)(67000,67499)(67000,67500)	Pt	67250	501	0.470108
(67062,67561)(67100,67599)(67100,67600)	Pt	67350	501	0.460019
(67162,67661)(67200,67699)(67200,67700)	Pt	67450	501	0.463489
(67262,67761)(67300,67799)(67300,67800)	Pt	67550	501	0.502232
(67362,67861)(67400,67899)(67400,67900)	Pt	67650	501	0.541988
(67462,67961)(67500,67999)(67500,68000)	Pt	67750	501	0.515336
(67562,68061)(67600,68099)(67600,68100)	Pt	67850	501	0.542322
(67662,68161)(67700,68199)(67700,68200)	Pt	67950	501	0.509899
(67762,68261)(67800,68299)(67800,68300)	Pt	68050	501	0.485548
(67862,68361)(67900,68399)(67900,68400)	Pt	68150	501	0.461486
(67962,68461)(68000,68499)(68000,68500)	Pt	68250	501	0.478585
(68062,68561)(68100,68599)(68100,68600)	Pt	68350	501	0.485686
(68162,68661)(68200,68699)(68200,68700)	Pt	68450	501	0.494571
(68262,68761)(68300,68799)(68300,68800)	Pt	68550	501	0.481252
(68362,68861)(68400,68899)(68400,68900)	Pt	68650	501	0.509968
(68462,68961)(68500,68999)(68500,69000)	Pt	68750	501	0.504093
(68562,69061)(68600,69099)(68600,69100)	Pt	68850	501	0.471368
(68662,69161)(68700,69199)(68700,69200)	Pt	68950	501	0.465950
(68762,69261)(68800,69299)(68800,69300)	Pt	69050	501	0.483162
(68862,69361)(68900,69399)(68900,69400)	Pt	69150	501	0.442219
(68962,69461)(69000,69499)(69000,69500)	Pt	69250	501	0.447994
(69062,69561)(69100,69599)(69100,69600)	Pt	69350	501	0.451937
(69162,69661)(69200,69699)(69200,69700)	Pt	69450	501	0.466629
(69262,69761)(69300,69799)(69300,69800)	Pt	69550	501	0.478608
(69362,69861)(69400,69899)(69400,69900)	Pt	69650	501	0.478909
(69462,69961)(69500,69999)(69500,70000)	Pt	69750	501	0.457807
(69562,70061)(69600,70099)(69600,70100)	Pt	69850	501	0.448502
(69662,70161)(69700,70199)(69700,70200)	Pt	69950	501	0.465144
(69762,70261)(69800,70299)(69800,70300)	Pt	70050	501	0.454247
(69862,70361)(69900,70399)(69900,70400)	Pt	70150	501	0.475588
(69962,70461)(70000,70499)(70000,70500)	Pt	70250	501	0.480097
(70062,70561)(70100,70599)(70100,70600)	Pt	70350	501	0.487844
(70162,70661)(70200,70699)(70200,70700)	Pt	70450	501	0.481453
(70262,70761)(70300,70799)(70300,70800)	Pt	70550	501	0.463022
(70362,70861)(70400,70899)(70400,70900)	Pt	70650	501	0.466634
(70462,70961)(70500,70999)(70500,71000)	Pt	70750	501	0.475401
(70562,71061)(70600,71099)(70600,71100)	Pt	70850	501	0.459211
(70662,71161)(70700,71199)(70700,71200)	Pt	70950	501	0.418821
(70762,71261)(70800,71299)(70800,71300)	Pt	71050	501	0.475002
(70862,71361)(70900,71399)(70900,71400)	Pt	71150	501	0.455142
(70962,71461)(71000,71499)(71000,71500)	Pt	71250	501	0.465299
(71062,71561)(71100,71599)(71100,71600)	Pt	71350	501	0.486053
(71162,71661)(71200,71699)(71200,71700)	Pt	71450	501	0.508964
(71262,71761)(71300,71799)(71300,71800)	Pt	71550	501	0.474303
(71362,71861)(71400,71899)(71400,71900)	Pt	71650	501	0.483670
(71462,71961)(71500,71999)(71500,72000)	Pt	71750	501	0.484766
(71562,72061)(71600,72099)(71600,72100)	Pt	71850	501	0.501135
(71662,72161)(71700,72199)(71700,72200)	Pt	71950	501	0.481058
(71762,72261)(71800,72299)(71800,72300)	Pt	72050	501	0.515011
(71862,72361)(71900,72399)(71900,72400)	Pt	72150	501	0.510244
(71962,72461)(72000,72499)(72000,72500)	Pt	72250	501	0.509667
(72062,72561)(72100,72599)(72100,72600)	Pt	72350	501	0.496528
(72162,72661)(72200,72699)(72200,72700)	Pt	72450	501	0.515862
(72262,72761)(72300,72799)(72300,72800)	Pt	72550	501	0.468003
(72362,72861)(72400,72899)(72400,72900)	Pt	72650	501	0.478210
(72462,72961)(72500,72999)(72500,73000)	Pt	72750	501	0.473419
(72562,73061)(72600,73099)(72600,73100)	Pt	72850	501	0.475497
(72662,73161)(72700,73199)(72700,73200)	Pt	72950	501	0.471513
(72762,73261)(72800,73299)(72800,73300)	Pt	73050	501	0.457970
(72862,73361)(72900,73399)(72900,73400)	Pt	73150	501	0.430844
(72962,73461)(73000,73499)(73000,73500)	Pt	73250	501	0.405047
(73062,73561)(73100,73599)(73100,73600)	Pt	73350	501	0.390191
(73162,73661)(73200,73699)(73200,73700)	Pt	73450	501	0.394510
(73262,73761)(73300,73799)(73300,73800)	Pt	73550	501	0.424229
(73362,73861)(73400,73899)(73400,73900)	Pt	73650	501	0.427244
(73462,73961)(73500,73999)(73500,74000)	Pt	73750	501	0.460134
(73562,74061)(73600,74099)(73600,74100)	Pt	73850	501	0.445351
(73662,74161)(73700,74199)(73700,74200)	Pt	73950	501	0.457878
(73762,74261)(73800,74299)(73800,74300)	Pt	74050	501	0.441937
(73862,74361)(73900,74399)(73900,74400)	Pt	74150	501	0.460546
(73962,74461)(74000,74499)(74000,74500)	Pt	74250	501	0.464201
(74062,74561)(74100,74599)(74100,74600)	Pt	74350	501	0.479417
(74162,74661)(74200,74699)(74200,74700)	Pt	74450	501	0.455312
(74262,74761)(74300,74799)(74300,74800)	Pt	74550	501	0.494388
(74362,74861)(74400,74899)(74400,74900)	Pt	74650	501	0.463982
(74462,74961)(74500,74999)(74500,75000)	Pt	74750	501	0.441129
(74562,75061)(74600,75099)(74600,75100)	Pt	74850	501	0.464799
(74662,75161)(74700,75199)(74700,75200)	Pt	74950	501	0.466712
(74762,75261)(74800,75299)(74800,75300)	Pt	75050	501	0.433934
(74862,75361)(74900,75399)(74900,75400)	Pt	75150	501	0.435513
(74962,75461)(75000,75499)(75000,75500)	Pt	75250	501	0.436948
(75062,75561)(75100,75599)(75100,75600)	Pt	75350	501	0.450160
(75162,75661)(75200,75699)(75200,75700)	Pt	75450	501	0.472339
(75262,75761)(75300,75799)(75300,75800)	Pt	75550	501	0.474940
(75362,75861)(75400,75899)(75400,75900)	Pt	75650	501	0.467520
(75462,75961)(75500,75999)(75500,76000)	Pt	75750	501	0.458954
(75562,76061)(75600,76099)(75600,76100)	Pt	75850	501	0.417427
(75662,76161)(75700,76199)(75700,76200)	Pt	75950	501	0.432834
(75762,76261)(75800,76299)(75800,76300)	Pt	76050	501	0.442268
(75862,76361)(75900,76399)(75900,76400)	Pt	76150	501	0.456178
(75962,76461)(76000,76499)(76000,76500)	Pt	76250	501	0.478755
(76062,76561)(76100,76599)(76100,76600)	Pt	76350	501	0.515607
(76162,76661)(76200,76699)(76200,76700)	Pt	76450	501	0.510835
(76262,76761)(76300,76799)(76300,76800)	Pt	76550	501	0.521024
(76362,76861)(76400,76899)(76400,76900)	Pt	76650	501	0.525887
(76462,76961)(76500,76999)(76500,77000)	Pt	76750	501	0.538606
(76562,77061)(76600,77099)(76600,77100)	Pt	76850	501	0.512604
(76662,77161)(76700,77199)(76700,77200)	Pt	76950	501	0.512634
(76762,77261)(76800,77299)(76800,77300)	Pt	77050	501	0.496719
(76862,77361)(76900,77399)(76900,77400)	Pt	77150	501	0.503857
(76962,77461)(77000,77499)(77000,77500)	Pt	77250	501	0.467248
(77062,77561)(77100,77599)(77100,77600)	Pt	77350	501	0.433773
(77162,77661)(77200,77699)(77200,77700)	Pt	77450	501	0.454754
(77262,77761)(77300,77799)(77300,77800)	Pt	77550	501	0.472164
(77362,77861)(77400,77899)(77400,77900)	Pt	77650	501	0.468844
(77462,77961)(77500,77999)(77500,78000)	Pt	77750	501	0.473974
(77562,78061)(77600,78099)(77600,78100)	Pt	77850	501	0.497114
(77662,78161)(77700,78199)(77700,78200)	Pt	77950	501	0.482921
(77762,78261)(77800,78299)(77800,78300)	Pt	78050	501	0.456056
(77862,78361)(77900,78399)(77900,78400)	Pt	78150	501	0.431261
(77962,78461)(78000,78499)(78000,78500)	Pt	78250	501	0.426982
(78062,78561)(78100,78599)(78100,78600)	Pt	78350	501	0.418246
(78162,78661)(78200,78699)(78200,78700)	Pt	78450	501	0.394907
(78262,78761)(78300,78799)(78300,78800)	Pt	78550	501	0.419378
(78362,78861)(78400,78899)(78400,78900)	Pt	78650	501	0.450682
(78462,78961)(78500,78999)(78500,79000)	Pt	78750	501	0.446507
(78562,79061)(78600,79099)(78600,79100)	Pt	78850	501	0.451013
(78662,79161)(78700,79199)(78700,79200)	Pt	78950	501	0.437044
(78762,79261)(78800,79299)(78800,79300)	Pt	79050	501	0.408829
(78862,79361)(78900,79399)(78900,79400)	Pt	79150	501	0.357187
(78962,79461)(79000,79499)(79000,79500)	Pt	79250	501	0.379413
(79062,79561)(79100,79599)(79100,79600)	Pt	79350	501	0.359047
(79162,79661)(79200,79699)(79200,79700)	Pt	79450	501	0.373569
(79262,79761)(79300,79799)(79300,79800)	Pt	79550	501	0.362176
(79362,79861)(79400,79899)(79400,79900)	Pt	79650	501	0.382418
(79462,79961)(79500,79999)(79500,80000)	Pt	79750	501	0.415364
(79562,80061)(79600,80099)(79600,80100)	Pt	79850	501	0.442916
(79662,80161)(79700,80199)(79700,80200)	Pt	79950	501	0.486865
(79762,80261)(79800,80299)(79800,80300)	Pt	80050	501	0.485833
(79862,80361)(79900,80399)(79900,80400)	Pt	80150	501	0.500975
(79962,80461)(80000,80499)(80000,80500)	Pt	80250	501	0.502339
(80062,80561)(80100,80599)(80100,80600)	Pt	80350	501	0.492397
(80162,80661)(80200,80699)(80200,80700)	Pt	80450	501	0.476556
(80262,80761)(80300,80799)(80300,80800)	Pt	80550	501	0.486735
(80362,80861)(80400,80899)(80400,80900)	Pt	80650	501	0.448748
(80462,80961)(80500,80999)(80500,81000)	Pt	80750	501	0.415566
(80562,81061)(80600,81099)(80600,81100)	Pt	80850	501	0.414783
(80662,81161)(80700,81199)(80700,81200)	Pt	80950	501	0.383589
(80762,81261)(80800,81299)(80800,81300)	Pt	81050	501	0.355130
(80862,81361)(80900,81399)(80900,81400)	Pt	81150	501	0.388332
(80962,81461)(81000,81499)(81000,81500)	Pt	81250	501	0.402492
(81062,81561)(81100,81599)(81100,81600)	Pt	81350	501	0.416670
(81162,81661)(81200,81699)(81200,81700)	Pt	81450	501	0.414105
(81262,81761)(81300,81799)(81300,81800)	Pt	81550	501	0.451926
(81362,81861)(81400,81899)(81400,81900)	Pt	81650	501	0.432209
(81462,81961)(81500,81999)(81500,82000)	Pt	81750	501	0.415633
(81562,82061)(81600,82099)(81600,82100)	Pt	81850	501	0.446506
(81662,82161)(81700,82199)(81700,82200)	Pt	81950	501	0.435757
(81762,82261)(81800,82299)(81800,82300)	Pt	82050	501	0.433340
(81862,82361)(81900,82399)(81900,82400)	Pt	82150	501	0.429052
(81962,82461)(82000,82499)(82000,82500)	Pt	82250	501	0.449524
(82062,82561)(82100,82599)(82100,82600)	Pt	82350	501	0.438009
(82162,82661)(82200,82699)(82200,82700)	Pt	82450	501	0.467805
(82262,82761)(82300,82799)(82300,82800)	Pt	82550	501	0.497430
(82362,82861)(82400,82899)(82400,82900)	Pt	82650	501	0.536710
(82462,82961)(82500,82999)(82500,83000)	Pt	82750	501	0.559058
(82562,83061)(82600,83099)(82600,83100)	Pt	82850	501	0.560332
(82662,83161)(82700,83199)(82700,83200)	Pt	82950	501	0.663115
(82762,83261)(82800,83299)(82800,83300)	Pt	83050	501	0.734071
(82862,83361)(82900,83399)(82900,83400)	Pt	83150	501	0.799513
(82962,83461)(83000,83499)(83000,83500)	Pt	83250	501	0.803932
(83062,83561)(83100,83599)(83100,83600)	Pt	83350	501	0.814806
(83162,83661)(83200,83699)(83200,83700)	Pt	83450	501	0.819444
(83262,83761)(83300,83799)(83300,83800)	Pt	83550	501	0.806183
(83362,83861)(83400,83899)(83400,83900)	Pt	83650	501	0.799182
(83462,83961)(83500,83999)(83500,84000)	Pt	83750	501	0.818589
(83562,84061)(83600,84099)(83600,84100)	Pt	83850	501	0.820873
(83662,84161)(83700,84199)(83700,84200)	Pt	83950	501	0.808332
(83762,84261)(83800,84299)(83800,84300)	Pt	84050	501	0.819347
(83862,84361)(83900,84399)(83900,84400)	Pt	84150	501	0.816132
(83962,84461)(84000,84499)(84000,84500)	Pt	84250	501	0.779019
(84062,84561)(84100,84599)(84100,84600)	Pt	84350	501	0.778636
(84162,84661)(84200,84699)(84200,84700)	Pt	84450	501	0.688151
(84262,84761)(84300,84799)(84300,84800)	Pt	84550	501	0.674288
(84362,84861)(84400,84899)(84400,84900)	Pt	84650	501	0.632901
(84462,84961)(84500,84999)(84500,85000)	Pt	84750	501	0.633589
(84562,85061)(84600,85099)(84600,85100)	Pt	84850	501	0.495706
(84662,85161)(84700,85199)(84700,85200)	Pt	84950	501	0.496754
(84762,85261)(84800,85299)(84800,85300)	Pt	85050	501	0.452076
(84862,85361)(84900,85399)(84900,85400)	Pt	85150	501	0.380853
(84962,85461)(85000,85499)(85000,85500)	Pt	85250	501	0.695929
(85062,85561)(85100,85599)(85100,85600)	Pt	85350	501	0.794613
(85162,85661)(85200,85699)(85200,85700)	Pt	85450	501	0.794532
(85262,85761)(85300,85799)(85300,85800)	Pt	85550	501	0.789086
(85362,85861)(85400,85899)(85400,85900)	Pt	85650	501	0.787526
(85462,85961)(85500,85999)(85500,86000)	Pt	85750	501	0.768156
(85562,86061)(85600,86099)(85600,86100)	Pt	85850	501	0.592645
(85662,86161)(85700,86199)(85700,86200)	Pt	85950	501	0.625108
(85762,86261)(85800,86299)(85800,86300)	Pt	86050	501	0.616513
(85862,86361)(85900,86399)(85900,86400)	Pt	86150	501	0.619305
(85962,86461)(86000,86499)(86000,86500)	Pt	86250	501	0.773342
(86062,86561)(86100,86599)(86100,86600)	Pt	86350	501	0.773122
(86162,86661)(86200,86699)(86200,86700)	Pt	86450	501	0.809955
(86262,86761)(86300,86799)(86300,86800)	Pt	86550	501	0.919127
(86362,86861)(86400,86899)(86400,86900)	Pt	86650	501	0.824664
(86462,86961)(86500,86999)(86500,87000)	Pt	86750	501	0.877992
(86562,87061)(86600,87099)(86600,87100)	Pt	86850	501	0.879116
(86662,87161)(86700,87199)(86700,87200)	Pt	86950	501	0.867601
(86762,87261)(86800,87299)(86800,87300)	Pt	87050	501	0.867633
(86862,87361)(86900,87399)(86900,87400)	Pt	87150	501	0.898434
(86962,87461)(87000,87499)(87000,87500)	Pt	87250	501	0.836192
(87062,87561)(87100,87599)(87100,87600)	Pt	87350	501	0.836849
(87162,87661)(87200,87699)(87200,87700)	Pt	87450	501	0.801685
(87262,87761)(87300,87799)(87300,87800)	Pt	87550	501	0.797233
(87362,87861)(87400,87899)(87400,87900)	Pt	87650	501	0.796968
(87462,87961)(87500,87999)(87500,88000)	Pt	87750	501	0.773491
(87562,88061)(87600,88099)(87600,88100)	Pt	87850	501	0.778240
(87662,88161)(87700,88199)(87700,88200)	Pt	87950	501	0.774853
(87762,88261)(87800,88299)(87800,88300)	Pt	88050	501	0.726264
(87862,88361)(87900,88399)(87900,88400)	Pt	88150	501	0.726211
(87962,88461)(88000,88499)(88000,88500)	Pt	88250	501	0.767261
(88062,88561)(88100,88599)(88100,88600)	Pt	88350	501	0.744286
(88162,88661)(88200,88699)(88200,88700)	Pt	88450	501	0.743863
(88262,88761)(88300,88799)(88300,88800)	Pt	88550	501	0.784683
(88362,88861)(88400,88899)(88400,88900)	Pt	88650	501	0.783886
(88462,88961)(88500,88999)(88500,89000)	Pt	88750	501	0.744718
(88562,89061)(88600,89099)(88600,89100)	Pt	88850	501	0.737594
(88662,89161)(88700,89199)(88700,89200)	Pt	88950	501	0.725675
(88762,89261)(88800,89299)(88800,89300)	Pt	89050	501	0.565341
(88862,89361)(88900,89399)(88900,89400)	Pt	89150	501	0.751303
(88962,89461)(89000,89499)(89000,89500)	Pt	89250	501	0.751917
(89062,89561)(89100,89599)(89100,89600)	Pt	89350	501	0.758196
(89162,89661)(89200,89699)(89200,89700)	Pt	89450	501	0.743318
(89262,89761)(89300,89799)(89300,89800)	Pt	89550	501	0.854123
(89362,89861)(89400,89899)(89400,89900)	Pt	89650	501	0.881582
(89462,89961)(89500,89999)(89500,90000)	Pt	89750	501	0.881834
(89562,90061)(89600,90099)(89600,90100)	Pt	89850	501	0.883414
(89662,90161)(89700,90199)(89700,90200)	Pt	89950	501	0.865893
(89762,90261)(89800,90299)(89800,90300)	Pt	90050	501	0.790508
(89862,90361)(89900,90399)(89900,90400)	Pt	90150	501	0.789740
(89962,90461)(90000,90499)(90000,90500)	Pt	90250	501	0.824162
(90062,90561)(90100,90599)(90100,90600)	Pt	90350	501	0.824726
(90162,90661)(90200,90699)(90200,90700)	Pt	90450	501	0.857773
(90262,90761)(90300,90799)(90300,90800)	Pt	90550	501	0.887481
(90362,90861)(90400,90899)(90400,90900)	Pt	90650	501	0.862697
(90462,90961)(90500,90999)(90500,91000)	Pt	90750	501	0.835668
(90562,91061)(90600,91099)(90600,91100)	Pt	90850	501	0.803896
(90662,91161)(90700,91199)(90700,91200)	Pt	90950	501	0.770001
(90762,91261)(90800,91299)(90800,91300)	Pt	91050	501	0.769857
(90862,91361)(90900,91399)(90900,91400)	Pt	91150	501	0.751139
(90962,91461)(91000,91499)(91000,91500)	Pt	91250	501	0.689917
(91062,91561)(91100,91599)(91100,91600)	Pt	91350	501	0.766430
(91162,91661)(91200,91699)(91200,91700)	Pt	91450	501	0.766212
(91262,91761)(91300,91799)(91300,91800)	Pt	91550	501	0.766070
(91362,91861)(91400,91899)(91400,91900)	Pt	91650	501	0.767192
(91462,91961)(91500,91999)(91500,92000)	Pt	91750	501	0.748847
(91562,92061)(91600,92099)(91600,92100)	Pt	91850	501	0.715147
(91662,92161)(91700,92199)(91700,92200)	Pt	91950	501	0.679978
(91762,92261)(91800,92299)(91800,92300)	Pt	92050	501	0.769334
(91862,92361)(91900,92399)(91900,92400)	Pt	92150	501	0.767796
(91962,92461)(92000,92499)(92000,92500)	Pt	92250	501	0.722602
(92062,92561)(92100,92599)(92100,92600)	Pt	92350	501	0.722331
(92162,92661)(92200,92699)(92200,92700)	Pt	92450	501	0.717755
(92262,92761)(92300,92799)(92300,92800)	Pt	92550	501	0.707447
(92362,92861)(92400,92899)(92400,92900)	Pt	92650	501	0.705210
(92462,92961)(92500,92999)(92500,93000)	Pt	92750	501	0.741309
(92562,93061)(92600,93099)(92600,93100)	Pt	92850	501	0.749378
(92662,93161)(92700,93199)(92700,93200)	Pt	92950	501	0.771338
(92762,93261)(92800,93299)(92800,93300)	Pt	93050	501	0.773312
(92862,93361)(92900,93399)(92900,93400)	Pt	93150	501	0.806967
(92962,93461)(93000,93499)(93000,93500)	Pt	93250	501	0.784446
(93062,93561)(93100,93599)(93100,93600)	Pt	93350	501	0.781489
(93162,93661)(93200,93699)(93200,93700)	Pt	93450	501	0.730865
(93262,93761)(93300,93799)(93300,93800)	Pt	93550	501	0.723484
(93362,93861)(93400,93899)(93400,93900)	Pt	93650	501	0.723567
(93462,93961)(93500,93999)(93500,94000)	Pt	93750	501	0.705303
(93562,94061)(93600,94099)(93600,94100)	Pt	93850	501	0.691812
(93662,94161)(93700,94199)(93700,94200)	Pt	93950	501	0.695355
(93762,94261)(93800,94299)(93800,94300)	Pt	94050	501	0.707984
(93862,94361)(93900,94399)(93900,94400)	Pt	94150	501	0.707637
(93962,94461)(94000,94499)(94000,94500)	Pt	94250	501	0.756662
(94062,94561)(94100,94599)(94100,94600)	Pt	94350	501	0.758189
(94162,94661)(94200,94699)(94200,94700)	Pt	94450	501	0.767600
(94262,94761)(94300,94799)(94300,94800)	Pt	94550	501	0.285693
(94362,94861)(94400,94899)(94400,94900)	Pt	94650	501	0.664169
(94462,94961)(94500,94999)(94500,95000)	Pt	94750	501	0.744704
(94562,95061)(94600,95099)(94600,95100)	Pt	94850	501	0.744360
(94662,95161)(94700,95199)(94700,95200)	Pt	94950	501	0.745471
(94762,95261)(94800,95299)(94800,95300)	Pt	95050	501	0.743953
(94862,95361)(94900,95399)(94900,95400)	Pt	95150	501	0.788349
(94962,95461)(95000,95499)(95000,95500)	Pt	95250	501	0.714261
(95062,95561)(95100,95599)(95100,95600)	Pt	95350	501	0.714330
(95162,95661)(95200,95699)(95200,95700)	Pt	95450	501	0.779057
(95262,95761)(95300,95799)(95300,95800)	Pt	95550	501	0.749236
(95362,95861)(95400,95899)(95400,95900)	Pt	95650	501	0.756909
(95462,95961)(95500,95999)(95500,96000)	Pt	95750	501	0.754082
(95562,96061)(95600,96099)(95600,96100)	Pt	95850	501	0.743137
(95662,96161)(95700,96199)(95700,96200)	Pt	95950	501	0.730228
(95762,96261)(95800,96299)(95800,96300)	Pt	96050	501	0.728604
(95862,96361)(95900,96399)(95900,96400)	Pt	96150	501	0.712283
(95962,96461)(96000,96499)(96000,96500)	Pt	96250	501	0.715057
(96062,96561)(96100,96599)(96100,96600)	Pt	96350	501	0.719126
(96162,96661)(96200,96699)(96200,96700)	Pt	96450	501	0.638361
(96262,96761)(96300,96799)(96300,96800)	Pt	96550	501	0.788281
(96362,96861)(96400,96899)(96400,96900)	Pt	96650	501	0.786671
(96462,96961)(96500,96999)(96500,97000)	Pt	96750	501	0.806762
(96562,97061)(96600,97099)(96600,97100)	Pt	96850	501	0.850058
(96662,97161)(96700,97199)(96700,97200)	Pt	96950	501	0.818111
(96762,97261)(96800,97299)(96800,97300)	Pt	97050	501	0.817765
(96862,97361)(96900,97399)(96900,97400)	Pt	97150	501	0.818142
(96962,97461)(97000,97499)(97000,97500)	Pt	97250	501	0.816375
(97062,97561)(97100,97599)(97100,97600)	Pt	97350	501	0.765796
(97162,97661)(97200,97699)(97200,97700)	Pt	97450	501	0.695991
(97262,97761)(97300,97799)(97300,97800)	Pt	97550	501	0.743532
(97362,97861)(97400,97899)(97400,97900)	Pt	97650	501	0.743621
(97462,97961)(97500,97999)(97500,98000)	Pt	97750	501	0.759339
(97562,98061)(97600,98099)(97600,98100)	Pt	97850	501	0.784274
(97662,98161)(97700,98199)(97700,98200)	Pt	97950	501	0.791423
(97762,98261)(97800,98299)(97800,98300)	Pt	98050	501	0.783061
(97862,98361)(97900,98399)(97900,98400)	Pt	98150	501	0.793816
(97962,98461)(98000,98499)(98000,98500)	Pt	98250	501	0.796535
(98062,98561)(98100,98599)(98100,98600)	Pt	98350	501	0.785489
(98162,98661)(98200,98699)(98200,98700)	Pt	98450	501	0.775083
(98262,98761)(98300,98799)(98300,98800)	Pt	98550	501	0.775560
(98362,98861)(98400,98899)(98400,98900)	Pt	98650	501	0.771384
(98462,98961)(98500,98999)(98500,99000)	Pt	98750	501	0.791615
(98562,99061)(98600,99099)(98600,99100)	Pt	98850	501	0.823913
(98662,99161)(98700,99199)(98700,99200)	Pt	98950	501	0.938582
(98762,99261)(98800,99299)(98800,99300)	Pt	99050	501	0.866149
(98862,99361)(98900,99399)(98900,99400)	Pt	99150	501	0.865617
(98962,99461)(99000,99499)(99000,99500)	Pt	99250	501	0.785776
(99062,99561)(99100,99599)(99100,99600)	Pt	99350	501	0.787119
(99162,99661)(99200,99699)(99200,99700)	Pt	99450	501	0.789165
(99262,99761)(99300,99799)(99300,99800)	Pt	99550	501	0.370075
(99362,99861)(99400,99899)(99400,99900)	Pt	99650	501	0.690983
(99462,99961)(99500,99999)(99500,100000)	Pt	99750	501	0.691074
(99562,100061)(99600,100099)(99600,100100)	Pt	99850	501	0.691667
(99662,100161)(99700,100199)(99700,100200)	Pt	99950	501	0.690660
(99762,100261)(99800,100299)(99800,100300)	Pt	100050	501	0.690719
(99862,100361)(99900,100399)(99900,100400)	Pt	100150	501	0.688532
(99962,100461)(100000,100499)(100000,100500)	Pt	100250	501	0.696423
(100062,100561)(100100,100599)(100100,100600)	Pt	100350	501	0.847403
(100162,100661)(100200,100699)(100200,100700)	Pt	100450	501	0.848941
(100262,100761)(100300,100799)(100300,100800)	Pt	100550	501	0.814562
(100362,100861)(100400,100899)(100400,100900)	Pt	100650	501	0.814513
(100462,100961)(100500,100999)(100500,101000)	Pt	100750	501	0.815108
(100562,101061)(100600,101099)(100600,101100)	Pt	100850	501	0.774164
(100662,101161)(100700,101199)(100700,101200)	Pt	100950	501	0.774293
(100762,101261)(100800,101299)(100800,101300)	Pt	101050	501	0.602216
(100862,101361)(100900,101399)(100900,101400)	Pt	101150	501	0.577315
(100962,101461)(101000,101499)(101000,101500)	Pt	101250	501	0.719419
(101062,101561)(101100,101599)(101100,101600)	Pt	101350	501	0.731416
(101162,101661)(101200,101699)(101200,101700)	Pt	101450	501	0.769879
(101262,101761)(101300,101799)(101300,101800)	Pt	101550	501	0.785565
(101362,101861)(101400,101899)(101400,101900)	Pt	101650	501	0.785740
(101462,101961)(101500,101999)(101500,102000)	Pt	101750	501	0.809462
(101562,102061)(101600,102099)(101600,102100)	Pt	101850	501	0.811661
(101662,102161)(101700,102199)(101700,102200)	Pt	101950	501	0.811454
(101762,102261)(101800,102299)(101800,102300)	Pt	102050	501	0.788300
(101862,102361)(101900,102399)(101900,102400)	Pt	102150	501	0.790691
(101962,102461)(102000,102499)(102000,102500)	Pt	102250	501	0.784804
(102062,102561)(102100,102599)(102100,102600)	Pt	102350	501	0.781776
(102162,102661)(102200,102699)(102200,102700)	Pt	102450	501	0.781512
(102262,102761)(102300,102799)(102300,102800)	Pt	102550	501	0.785956
(102362,102861)(102400,102899)(102400,102900)	Pt	102650	501	0.704635
(102462,102961)(102500,102999)(102500,103000)	Pt	102750	501	0.703601
(102562,103061)(102600,103099)(102600,103100)	Pt	102850	501	0.694537
(102662,103161)(102700,103199)(102700,103200)	Pt	102950	501	0.693784
(102762,103261)(102800,103299)(102800,103300)	Pt	103050	501	0.677523
(102862,103361)(102900,103399)(102900,103400)	Pt	103150	501	0.682293
(102962,103461)(103000,103499)(103000,103500)	Pt	103250	501	0.759849
(103062,103561)(103100,103599)(103100,103600)	Pt	103350	501	0.759500
(103162,103661)(103200,103699)(103200,103700)	Pt	103450	501	0.776424
(103262,103761)(103300,103799)(103300,103800)	Pt	103550	501	0.774900
(103362,103861)(103400,103899)(103400,103900)	Pt	103650	501	0.774671
(103462,103961)(103500,103999)(103500,104000)	Pt	103750	501	0.707438
(103562,104061)(103600,104099)(103600,104100)	Pt	103850	501	0.645733
(103662,104161)(103700,104199)(103700,104200)	Pt	103950	501	0.644592
(103762,104261)(103800,104299)(103800,104300)	Pt	104050	501	0.587246
(103862,104361)(103900,104399)(103900,104400)	Pt	104150	501	0.665374
(103962,104461)(104000,104499)(104000,104500)	Pt	104250	501	0.664648
(104062,104561)(104100,104599)(104100,104600)	Pt	104350	501	0.628935
(104162,104661)(104200,104699)(104200,104700)	Pt	104450	501	0.610123
(104262,104761)(104300,104799)(104300,104800)	Pt	104550	501	0.586577
(104362,104861)(104400,104899)(104400,104900)	Pt	104650	501	0.548351
(104462,104961)(104500,104999)(104500,105000)	Pt	104750	501	0.582784
(104562,105061)(104600,105099)(104600,105100)	Pt	104850	501	0.570639
(104662,105161)(104700,105199)(104700,105200)	Pt	104950	501	0.518473
(104762,105261)(104800,105299)(104800,105300)	Pt	105050	501	0.485159
(104862,105361)(104900,105399)(104900,105400)	Pt	105150	501	0.467078
(104962,105461)(105000,105499)(105000,105500)	Pt	105250	501	0.420008
(105062,105561)(105100,105599)(105100,105600)	Pt	105350	501	0.410025
(105162,105661)(105200,105699)(105200,105700)	Pt	105450	501	0.439997
(105262,105761)(105300,105799)(105300,105800)	Pt	105550	501	0.466099
(105362,105861)(105400,105899)(105400,105900)	Pt	105650	501	0.459326
(105462,105961)(105500,105999)(105500,106000)	Pt	105750	501	0.452045
(105562,106061)(105600,106099)(105600,106100)	Pt	105850	501	0.412398
(105662,106161)(105700,106199)(105700,106200)	Pt	105950	501	0.436365
(105762,106261)(105800,106299)(105800,106300)	Pt	106050	501	0.437176
(105862,106361)(105900,106399)(105900,106400)	Pt	106150	501	0.455640
(105962,106461)(106000,106499)(106000,106500)	Pt	106250	501	0.445471
(106062,106561)(106100,106599)(106100,106600)	Pt	106350	501	0.447753
(106162,106661)(106200,106699)(106200,106700)	Pt	106450	501	0.457938
(106262,106761)(106300,106799)(106300,106800)	Pt	106550	501	0.468714
(106362,106861)(106400,106899)(106400,106900)	Pt	106650	501	0.455633
(106462,106961)(106500,106999)(106500,107000)	Pt	106750	501	0.465752
(106562,107061)(106600,107099)(106600,107100)	Pt	106850	501	0.487191
(106662,107161)(106700,107199)(106700,107200)	Pt	106950	501	0.517765
(106762,107261)(106800,107299)(106800,107300)	Pt	107050	501	0.504249
(106862,107361)(106900,107399)(106900,107400)	Pt	107150	501	0.499790
(106962,107461)(107000,107499)(107000,107500)	Pt	107250	501	0.494203
(107062,107561)(107100,107599)(107100,107600)	Pt	107350	501	0.502195
(107162,107661)(107200,107699)(107200,107700)	Pt	107450	501	0.457116
(107262,107761)(107300,107799)(107300,107800)	Pt	107550	501	0.452128
(107362,107861)(107400,107899)(107400,107900)	Pt	107650	501	0.453497
(107462,107961)(107500,107999)(107500,108000)	Pt	107750	501	0.459048
(107562,108061)(107600,108099)(107600,108100)	Pt	107850	501	0.460783
(107662,108161)(107700,108199)(107700,108200)	Pt	107950	501	0.466720
(107762,108261)(107800,108299)(107800,108300)	Pt	108050	501	0.454339
(107862,108361)(107900,108399)(107900,108400)	Pt	108150	501	0.514803
(107962,108461)(108000,108499)(108000,108500)	Pt	108250	501	0.550751
(108062,108561)(108100,108599)(108100,108600)	Pt	108350	501	0.533906
(108162,108661)(108200,108699)(108200,108700)	Pt	108450	501	0.495746
(108262,108761)(108300,108799)(108300,108800)	Pt	108550	501	0.497342
(108362,108861)(108400,108899)(108400,108900)	Pt	108650	501	0.478484
(108462,108961)(108500,108999)(108500,109000)	Pt	108750	501	0.448135
(108562,109061)(108600,109099)(108600,109100)	Pt	108850	501	0.455945
(108662,109161)(108700,109199)(108700,109200)	Pt	108950	501	0.475388
(108762,109261)(108800,109299)(108800,109300)	Pt	109050	501	0.469202
(108862,109361)(108900,109399)(108900,109400)	Pt	109150	501	0.403447
(108962,109461)(109000,109499)(109000,109500)	Pt	109250	501	0.392230
(109062,109561)(109100,109599)(109100,109600)	Pt	109350	501	0.420237
(109162,109661)(109200,109699)(109200,109700)	Pt	109450	501	0.423247
(109262,109761)(109300,109799)(109300,109800)	Pt	109550	501	0.481193
(109362,109861)(109400,109899)(109400,109900)	Pt	109650	501	0.484068
(109462,109961)(109500,109999)(109500,110000)	Pt	109750	501	0.476478
(109562,110061)(109600,110099)(109600,110100)	Pt	109850	501	0.462418
(109662,110161)(109700,110199)(109700,110200)	Pt	109950	501	0.467350
(109762,110261)(109800,110299)(109800,110300)	Pt	110050	501	0.477963
(109862,110361)(109900,110399)(109900,110400)	Pt	110150	501	0.496075
(109962,110461)(110000,110499)(110000,110500)	Pt	110250	501	0.520048
(110062,110561)(110100,110599)(110100,110600)	Pt	110350	501	0.568880
(110162,110661)(110200,110699)(110200,110700)	Pt	110450	501	0.578837
(110262,110761)(110300,110799)(110300,110800)	Pt	110550	501	0.512047
(110362,110861)(110400,110899)(110400,110900)	Pt	110650	501	0.485441
(110462,110961)(110500,110999)(110500,111000)	Pt	110750	501	0.462220
(110562,111061)(110600,111099)(110600,111100)	Pt	110850	501	0.416757
(110662,111161)(110700,111199)(110700,111200)	Pt	110950	501	0.424154
(110762,111261)(110800,111299)(110800,111300)	Pt	111050	501	0.413824
(110862,111361)(110900,111399)(110900,111400)	Pt	111150	501	0.416979
(110962,111461)(111000,111499)(111000,111500)	Pt	111250	501	0.421956
(111062,111561)(111100,111599)(111100,111600)	Pt	111350	501	0.398092
(111162,111661)(111200,111699)(111200,111700)	Pt	111450	501	0.354124
(111262,111761)(111300,111799)(111300,111800)	Pt	111550	501	0.406758
(111362,111861)(111400,111899)(111400,111900)	Pt	111650	501	0.448934
(111462,111961)(111500,111999)(111500,112000)	Pt	111750	501	0.465326
(111562,112061)(111600,112099)(111600,112100)	Pt	111850	501	0.460344
(111662,112161)(111700,112199)(111700,112200)	Pt	111950	501	0.495185
(111762,112261)(111800,112299)(111800,112300)	Pt	112050	501	0.494438
(111862,112361)(111900,112399)(111900,112400)	Pt	112150	501	0.454223
(111962,112461)(112000,112499)(112000,112500)	Pt	112250	501	0.480639
(112062,112561)(112100,112599)(112100,112600)	Pt	112350	501	0.491644
(112162,112661)(112200,112699)(112200,112700)	Pt	112450	501	0.465441
(112262,112761)(112300,112799)(112300,112800)	Pt	112550	501	0.422907
(112362,112861)(112400,112899)(112400,112900)	Pt	112650	501	0.434640
(112462,112961)(112500,112999)(112500,113000)	Pt	112750	501	0.403415
(112562,113061)(112600,113099)(112600,113100)	Pt	112850	501	0.384848
(112662,113161)(112700,113199)(112700,113200)	Pt	112950	501	0.421254
(112762,113261)(112800,113299)(112800,113300)	Pt	113050	501	0.436702
(112862,113361)(112900,113399)(112900,113400)	Pt	113150	501	0.488057
(112962,113461)(113000,113499)(113000,113500)	Pt	113250	501	0.462704
(113062,113561)(113100,113599)(113100,113600)	Pt	113350	501	0.464724
(113162,113661)(113200,113699)(113200,113700)	Pt	113450	501	0.458994
(113262,113761)(113300,113799)(113300,113800)	Pt	113550	501	0.441246
(113362,113861)(113400,113899)(113400,113900)	Pt	113650	501	0.422119
(113462,113961)(113500,113999)(113500,114000)	Pt	113750	501	0.408127
(113562,114061)(113600,114099)(113600,114100)	Pt	113850	501	0.439543
(113662,114161)(113700,114199)(113700,114200)	Pt	113950	501	0.408537
(113762,114261)(113800,114299)(113800,114300)	Pt	114050	501	0.462989
(113862,114361)(113900,114399)(113900,114400)	Pt	114150	501	0.461316
(113962,114461)(114000,114499)(114000,114500)	Pt	114250	501	0.465177
(114062,114561)(114100,114599)(114100,114600)	Pt	114350	501	0.445792
(114162,114661)(114200,114699)(114200,114700)	Pt	114450	501	0.454740
(114262,114761)(114300,114799)(114300,114800)	Pt	114550	501	0.402903
(114362,114861)(114400,114899)(114400,114900)	Pt	114650	501	0.303059
(114462,114961)(114500,114999)(114500,115000)	Pt	114750	501	0.364188
(114562,115061)(114600,115099)(114600,115100)	Pt	114850	501	0.397146
(114662,115161)(114700,115199)(114700,115200)	Pt	114950	501	0.452051
(114762,115261)(114800,115299)(114800,115300)	Pt	115050	501	0.482143
(114862,115361)(114900,115399)(114900,115400)	Pt	115150	501	0.527784
(114962,115461)(115000,115499)(115000,115500)	Pt	115250	501	0.524892
(115062,115561)(115100,115599)(115100,115600)	Pt	115350	501	0.498653
(115162,115661)(115200,115699)(115200,115700)	Pt	115450	501	0.457182
(115262,115761)(115300,115799)(115300,115800)	Pt	115550	501	0.420744
(115362,115861)(115400,115899)(115400,115900)	Pt	115650	501	0.376865
(115462,115961)(115500,115999)(115500,116000)	Pt	115750	501	0.381149
(115562,116061)(115600,116099)(115600,116100)	Pt	115850	501	0.440995
(115662,116161)(115700,116199)(115700,116200)	Pt	115950	501	0.460071
(115762,116261)(115800,116299)(115800,116300)	Pt	116050	501	0.457143
(115862,116361)(115900,116399)(115900,116400)	Pt	116150	501	0.459579
(115962,116461)(116000,116499)(116000,116500)	Pt	116250	501	0.429051
(116062,116561)(116100,116599)(116100,116600)	Pt	116350	501	0.422418
(116162,116661)(116200,116699)(116200,116700)	Pt	116450	501	0.415440
(116262,116761)(116300,116799)(116300,116800)	Pt	116550	501	0.426241
(116362,116861)(116400,116899)(116400,116900)	Pt	116650	501	0.449256
(116462,116961)(116500,116999)(116500,117000)	Pt	116750	501	0.461365
(116562,117061)(116600,117099)(116600,117100)	Pt	116850	501	0.475541
(116662,117161)(116700,117199)(116700,117200)	Pt	116950	501	0.495501
(116762,117261)(116800,117299)(116800,117300)	Pt	117050	501	0.499644
(116862,117361)(116900,117399)(116900,117400)	Pt	117150	501	0.486988
(116962,117461)(117000,117499)(117000,117500)	Pt	117250	501	0.491026
(117062,117561)(117100,117599)(117100,117600)	Pt	117350	501	0.438615
(117162,117661)(117200,117699)(117200,117700)	Pt	117450	501	0.470424
(117262,117761)(117300,117799)(117300,117800)	Pt	117550	501	0.501930
(117362,117861)(117400,117899)(117400,117900)	Pt	117650	501	0.493841
(117462,117961)(117500,117999)(117500,118000)	Pt	117750	501	0.488572
(117562,118061)(117600,118099)(117600,118100)	Pt	117850	501	0.505895
(117662,118161)(117700,118199)(117700,118200)	Pt	117950	501	0.464378
(117762,118261)(117800,118299)(117800,118300)	Pt	118050	501	0.405384
(117862,118361)(117900,118399)(117900,118400)	Pt	118150	501	0.407446
(117962,118461)(118000,118499)(118000,118500)	Pt	118250	501	0.404455
(118062,118561)(118100,118599)(118100,118600)	Pt	118350	501	0.463402
(118162,118661)(118200,118699)(118200,118700)	Pt	118450	501	0.620419
(118262,118761)(118300,118799)(118300,118800)	Pt	118550	501	0.615789
(118362,118861)(118400,118899)(118400,118900)	Pt	118650	501	0.613539
(118462,118961)(118500,118999)(118500,119000)	Pt	118750	501	0.535759
(118562,119061)(118600,119099)(118600,119100)	Pt	118850	501	0.543078
(118662,119161)(118700,119199)(118700,119200)	Pt	118950	501	0.361074
(118762,119261)(118800,119299)(118800,119300)	Pt	119050	501	0.554781
(118862,119361)(118900,119399)(118900,119400)	Pt	119150	501	0.526232
(118962,119461)(119000,119499)(119000,119500)	Pt	119250	501	0.643922
(119062,119561)(119100,119599)(119100,119600)	Pt	119350	501	0.948891
(119162,119661)(119200,119699)(119200,119700)	Pt	119450	501	0.951148
(119262,119761)(119300,119799)(119300,119800)	Pt	119550	501	0.888161
(119362,119861)(119400,119899)(119400,119900)	Pt	119650	501	0.889250
(119462,119961)(119500,119999)(119500,120000)	Pt	119750	501	0.892920
(119562,120061)(119600,120099)(119600,120100)	Pt	119850	501	0.771404
(119662,120161)(119700,120199)(119700,120200)	Pt	119950	501	0.771383
(119762,120261)(119800,120299)(119800,120300)	Pt	120050	501	0.699017
(119862,120361)(119900,120399)(119900,120400)	Pt	120150	501	0.696608
(119962,120461)(120000,120499)(120000,120500)	Pt	120250	501	0.693331
(120062,120561)(120100,120599)(120100,120600)	Pt	120350	501	0.349979
(120162,120661)(120200,120699)(120200,120700)	Pt	120450	501	0.783133
(120262,120761)(120300,120799)(120300,120800)	Pt	120550	501	0.802565
(120362,120861)(120400,120899)(120400,120900)	Pt	120650	501	0.786083
(120462,120961)(120500,120999)(120500,121000)	Pt	120750	501	0.792756
(120562,121061)(120600,121099)(120600,121100)	Pt	120850	501	0.792990
(120662,121161)(120700,121199)(120700,121200)	Pt	120950	501	0.783028
(120762,121261)(120800,121299)(120800,121300)	Pt	121050	501	0.789947
(120862,121361)(120900,121399)(120900,121400)	Pt	121150	501	0.791267
(120962,121461)(121000,121499)(121000,121500)	Pt	121250	501	0.790826
(121062,121561)(121100,121599)(121100,121600)	Pt	121350	501	0.739256
(121162,121661)(121200,121699)(121200,121700)	Pt	121450	501	0.738718
(121262,121761)(121300,121799)(121300,121800)	Pt	121550	501	0.682411
(121362,121861)(121400,121899)(121400,121900)	Pt	121650	501	0.740898
(121462,121961)(121500,121999)(121500,122000)	Pt	121750	501	0.726067
(121562,122061)(121600,122099)(121600,122100)	Pt	121850	501	0.774203
(121662,122161)(121700,122199)(121700,122200)	Pt	121950	501	0.774866
(121762,122261)(121800,122299)(121800,122300)	Pt	122050	501	0.791818
(121862,122361)(121900,122399)(121900,122400)	Pt	122150	501	0.786909
(121962,122461)(122000,122499)(122000,122500)	Pt	122250	501	0.806029
(122062,122561)(122100,122599)(122100,122600)	Pt	122350	501	0.798257
(122162,122661)(122200,122699)(122200,122700)	Pt	122450	501	0.776923
(122262,122761)(122300,122799)(122300,122800)	Pt	122550	501	0.722556
(122362,122861)(122400,122899)(122400,122900)	Pt	122650	501	0.730618
(122462,122961)(122500,122999)(122500,123000)	Pt	122750	501	0.730406
(122562,123061)(122600,123099)(122600,123100)	Pt	122850	501	0.730312
(122662,123161)(122700,123199)(122700,123200)	Pt	122950	501	0.761874
(122762,123261)(122800,123299)(122800,123300)	Pt	123050	501	0.775904
(122862,123361)(122900,123399)(122900,123400)	Pt	123150	501	0.776064
(122962,123461)(123000,123499)(123000,123500)	Pt	123250	501	0.858218
(123062,123561)(123100,123599)(123100,123600)	Pt	123350	501	0.869576
(123162,123661)(123200,123699)(123200,123700)	Pt	123450	501	0.882547
(123262,123761)(123300,123799)(123300,123800)	Pt	123550	501	0.903050
(123362,123861)(123400,123899)(123400,123900)	Pt	123650	501	0.899966
(123462,123961)(123500,123999)(123500,124000)	Pt	123750	501	0.879078
(123562,124061)(123600,124099)(123600,124100)	Pt	123850	501	0.698315
(123662,124161)(123700,124199)(123700,124200)	Pt	123950	501	0.655677
(123762,124261)(123800,124299)(123800,124300)	Pt	124050	501	0.663122
(123862,124361)(123900,124399)(123900,124400)	Pt	124150	501	0.399809
(123962,124461)(124000,124499)(124000,124500)	Pt	124250	501	0.730629
(124062,124561)(124100,124599)(124100,124600)	Pt	124350	501	0.726867
(124162,124661)(124200,124699)(124200,124700)	Pt	124450	501	0.785177
(124262,124761)(124300,124799)(124300,124800)	Pt	124550	501	0.787659
(124362,124861)(124400,124899)(124400,124900)	Pt	124650	501	0.787709
(124462,124961)(124500,124999)(124500,125000)	Pt	124750	501	0.775945
(124562,125061)(124600,125099)(124600,125100)	Pt	124850	501	0.768631
(124662,125161)(124700,125199)(124700,125200)	Pt	124950	501	0.764876
(124762,125261)(124800,125299)(124800,125300)	Pt	125050	501	0.764622
(124862,125361)(124900,125399)(124900,125400)	Pt	125150	501	0.778541
(124962,125461)(125000,125499)(125000,125500)	Pt	125250	501	0.781299
(125062,125561)(125100,125599)(125100,125600)	Pt	125350	501	0.794464
(125162,125661)(125200,125699)(125200,125700)	Pt	125450	501	0.796971
(125262,125761)(125300,125799)(125300,125800)	Pt	125550	501	0.797181
(125362,125861)(125400,125899)(125400,125900)	Pt	125650	501	0.792364
(125462,125961)(125500,125999)(125500,126000)	Pt	125750	501	0.797397
(125562,126061)(125600,126099)(125600,126100)	Pt	125850	501	0.799458
(125662,126161)(125700,126199)(125700,126200)	Pt	125950	501	0.764039
(125762,126261)(125800,126299)(125800,126300)	Pt	126050	501	0.764087
(125862,126361)(125900,126399)(125900,126400)	Pt	126150	501	0.778185
(125962,126461)(126000,126499)(126000,126500)	Pt	126250	501	0.776576
(126062,126561)(126100,126599)(126100,126600)	Pt	126350	501	0.755694
(126162,126661)(126200,126699)(126200,126700)	Pt	126450	501	0.764518
(126262,126761)(126300,126799)(126300,126800)	Pt	126550	501	0.764975
(126362,126861)(126400,126899)(126400,126900)	Pt	126650	501	0.785147
(126462,126961)(126500,126999)(126500,127000)	Pt	126750	501	0.784035
(126562,127061)(126600,127099)(126600,127100)	Pt	126850	501	0.799594
(126662,127161)(126700,127199)(126700,127200)	Pt	126950	501	0.799702
(126762,127261)(126800,127299)(126800,127300)	Pt	127050	501	0.798494
(126862,127361)(126900,127399)(126900,127400)	Pt	127150	501	0.793048
(126962,127461)(127000,127499)(127000,127500)	Pt	127250	501	0.792297
(127062,127561)(127100,127599)(127100,127600)	Pt	127350	501	0.763877
(127162,127661)(127200,127699)(127200,127700)	Pt	127450	501	0.772370
(127262,127761)(127300,127799)(127300,127800)	Pt	127550	501	0.767979
(127362,127861)(127400,127899)(127400,127900)	Pt	127650	501	0.747059
(127462,127961)(127500,127999)(127500,128000)	Pt	127750	501	0.748301
(127562,128061)(127600,128099)(127600,128100)	Pt	127850	501	0.763234
(127662,128161)(127700,128199)(127700,128200)	Pt	127950	501	0.733248
(127762,128261)(127800,128299)(127800,128300)	Pt	128050	501	0.732828
(127862,128361)(127900,128399)(127900,128400)	Pt	128150	501	0.741671
(127962,128461)(128000,128499)(128000,128500)	Pt	128250	501	0.751216
(128062,128561)(128100,128599)(128100,128600)	Pt	128350	501	0.789400
(128162,128661)(128200,128699)(128200,128700)	Pt	128450	501	0.788996
(128262,128761)(128300,128799)(128300,128800)	Pt	128550	501	0.751555
(128362,128861)(128400,128899)(128400,128900)	Pt	128650	501	0.751397
(128462,128961)(128500,128999)(128500,129000)	Pt	128750	501	0.754296
(128562,129061)(128600,129099)(128600,129100)	Pt	128850	501	0.717338
(128662,129161)(128700,129199)(128700,129200)	Pt	128950	501	0.709222
(128762,129261)(128800,129299)(128800,129300)	Pt	129050	501	0.734890
(128862,129361)(128900,129399)(128900,129400)	Pt	129150	501	0.735399
(128962,129461)(129000,129499)(129000,129500)	Pt	129250	501	0.837293
(129062,129561)(129100,129599)(129100,129600)	Pt	129350	501	0.830400
(129162,129661)(129200,129699)(129200,129700)	Pt	129450	501	0.893766
(129262,129761)(129300,129799)(129300,129800)	Pt	129550	501	0.893851
(129362,129861)(129400,129899)(129400,129900)	Pt	129650	501	0.894361
(129462,129961)(129500,129999)(129500,130000)	Pt	129750	501	0.683196
(129562,130061)(129600,130099)(129600,130100)	Pt	129850	501	0.689359
(129662,130161)(129700,130199)(129700,130200)	Pt	129950	501	0.871510
(129762,130261)(129800,130299)(129800,130300)	Pt	130050	501	0.871127
(129862,130361)(129900,130399)(129900,130400)	Pt	130150	501	0.866594
(129962,130461)(130000,130499)(130000,130500)	Pt	130250	501	0.883830
(130062,130561)(130100,130599)(130100,130600)	Pt	130350	501	0.883643
(130162,130661)(130200,130699)(130200,130700)	Pt	130450	501	0.626092
(130262,130761)(130300,130799)(130300,130800)	Pt	130550	501	0.671569
(130362,130861)(130400,130899)(130400,130900)	Pt	130650	501	0.675860
(130462,130961)(130500,130999)(130500,131000)	Pt	130750	501	0.742058
(130562,131061)(130600,131099)(130600,131100)	Pt	130850	501	0.805282
(130662,131161)(130700,131199)(130700,131200)	Pt	130950	501	0.809502
(130762,131261)(130800,131299)(130800,131300)	Pt	131050	501	0.820144
(130862,131361)(130900,131399)(130900,131400)	Pt	131150	501	0.801395
(130962,131461)(131000,131499)(131000,131500)	Pt	131250	501	0.803125
(131062,131561)(131100,131599)(131100,131600)	Pt	131350	501	0.740840
(131162,131661)(131200,131699)(131200,131700)	Pt	131450	501	0.726229
(131262,131761)(131300,131799)(131300,131800)	Pt	131550	501	0.750229
(131362,131861)(131400,131899)(131400,131900)	Pt	131650	501	0.805161
(131462,131961)(131500,131999)(131500,132000)	Pt	131750	501	0.807625
(131562,132061)(131600,132099)(131600,132100)	Pt	131850	501	0.808334
(131662,132161)(131700,132199)(131700,132200)	Pt	131950	501	0.853218
(131762,132261)(131800,132299)(131800,132300)	Pt	132050	501	0.888465
(131862,132361)(131900,132399)(131900,132400)	Pt	132150	501	0.708613
(131962,132461)(132000,132499)(132000,132500)	Pt	132250	501	0.759277
(132062,132561)(132100,132599)(132100,132600)	Pt	132350	501	0.758603
(132162,132661)(132200,132699)(132200,132700)	Pt	132450	501	0.758383
(132262,132761)(132300,132799)(132300,132800)	Pt	132550	501	0.758921
(132362,132861)(132400,132899)(132400,132900)	Pt	132650	501	0.774092
(132462,132961)(132500,132999)(132500,133000)	Pt	132750	501	0.728319
(132562,133061)(132600,133099)(132600,133100)	Pt	132850	501	0.738071
(132662,133161)(132700,133199)(132700,133200)	Pt	132950	501	0.735673
(132762,133261)(132800,133299)(132800,133300)	Pt	133050	501	0.918487
(132862,133361)(132900,133399)(132900,133400)	Pt	133150	501	0.937858
(132962,133461)(133000,133499)(133000,133500)	Pt	133250	501	0.921553
(133062,133561)(133100,133599)(133100,133600)	Pt	133350	501	0.898746
(133162,133661)(133200,133699)(133200,133700)	Pt	133450	501	0.898580
(133262,133761)(133300,133799)(133300,133800)	Pt	133550	501	0.875851
(133362,133861)(133400,133899)(133400,133900)	Pt	133650	501	0.831613
(133462,133961)(133500,133999)(133500,134000)	Pt	133750	501	0.813143
(133562,134061)(133600,134099)(133600,134100)	Pt	133850	501	0.815343
(133662,134161)(133700,134199)(133700,134200)	Pt	133950	501	0.806522
(133762,134261)(133800,134299)(133800,134300)	Pt	134050	501	0.758479
(133862,134361)(133900,134399)(133900,134400)	Pt	134150	501	0.758015
(133962,134461)(134000,134499)(134000,134500)	Pt	134250	501	0.715496
(134062,134561)(134100,134599)(134100,134600)	Pt	134350	501	0.732315
(134162,134661)(134200,134699)(134200,134700)	Pt	134450	501	0.738937
(134262,134761)(134300,134799)(134300,134800)	Pt	134550	501	0.762121
(134362,134861)(134400,134899)(134400,134900)	Pt	134650	501	0.789845
(134462,134961)(134500,134999)(134500,135000)	Pt	134750	501	0.796611
(134562,135061)(134600,135099)(134600,135100)	Pt	134850	501	0.795572
(134662,135161)(134700,135199)(134700,135200)	Pt	134950	501	0.793038
(134762,135261)(134800,135299)(134800,135300)	Pt	135050	501	0.811341
(134862,135361)(134900,135399)(134900,135400)	Pt	135150	501	0.792410
(134962,135461)(135000,135499)(135000,135500)	Pt	135250	501	0.583929
(135062,135561)(135100,135599)(135100,135600)	Pt	135350	501	0.681384
(135162,135661)(135200,135699)(135200,135700)	Pt	135450	501	0.683906
(135262,135761)(135300,135799)(135300,135800)	Pt	135550	501	0.868043
(135362,135861)(135400,135899)(135400,135900)	Pt	135650	501	0.866480
(135462,135961)(135500,135999)(135500,136000)	Pt	135750	501	0.864980
(135562,136061)(135600,136099)(135600,136100)	Pt	135850	501	0.979392
(135662,136161)(135700,136199)(135700,136200)	Pt	135950	501	0.867504
(135762,136261)(135800,136299)(135800,136300)	Pt	136050	501	0.674463
(135862,136361)(135900,136399)(135900,136400)	Pt	136150	501	0.667621
(135962,136461)(136000,136499)(136000,136500)	Pt	136250	501	0.670071
(136062,136561)(136100,136599)(136100,136600)	Pt	136350	501	0.669622
(136162,136661)(136200,136699)(136200,136700)	Pt	136450	501	0.542070
(136262,136761)(136300,136799)(136300,136800)	Pt	136550	501	0.589288
(136362,136861)(136400,136899)(136400,136900)	Pt	136650	501	0.593954
(136462,136961)(136500,136999)(136500,137000)	Pt	136750	501	0.671965
(136562,137061)(136600,137099)(136600,137100)	Pt	136850	501	0.674010
(136662,137161)(136700,137199)(136700,137200)	Pt	136950	501	0.789960
(136762,137261)(136800,137299)(136800,137300)	Pt	137050	501	0.752325
(136862,137361)(136900,137399)(136900,137400)	Pt	137150	501	0.760443
(136962,137461)(137000,137499)(137000,137500)	Pt	137250	501	0.765329
(137062,137561)(137100,137599)(137100,137600)	Pt	137350	501	0.765373
(137162,137661)(137200,137699)(137200,137700)	Pt	137450	501	0.747532
(137262,137761)(137300,137799)(137300,137800)	Pt	137550	501	0.770113
(137362,137861)(137400,137899)(137400,137900)	Pt	137650	501	0.716002
(137462,137961)(137500,137999)(137500,138000)	Pt	137750	501	0.923835
(137562,138061)(137600,138099)(137600,138100)	Pt	137850	501	0.901895
(137662,138161)(137700,138199)(137700,138200)	Pt	137950	501	0.912706
(137762,138261)(137800,138299)(137800,138300)	Pt	138050	501	0.858319
(137862,138361)(137900,138399)(137900,138400)	Pt	138150	501	0.851025
(137962,138461)(138000,138499)(138000,138500)	Pt	138250	501	0.834837
(138062,138561)(138100,138599)(138100,138600)	Pt	138350	501	0.836287
(138162,138661)(138200,138699)(138200,138700)	Pt	138450	501	0.814312
(138262,138761)(138300,138799)(138300,138800)	Pt	138550	501	0.808115
(138362,138861)(138400,138899)(138400,138900)	Pt	138650	501	0.796730
(138462,138961)(138500,138999)(138500,139000)	Pt	138750	501	0.738703
(138562,139061)(138600,139099)(138600,139100)	Pt	138850	501	0.736639
(138662,139161)(138700,139199)(138700,139200)	Pt	138950	501	0.764364
(138762,139261)(138800,139299)(138800,139300)	Pt	139050	501	0.765867
(138862,139361)(138900,139399)(138900,139400)	Pt	139150	501	0.776730
(138962,139461)(139000,139499)(139000,139500)	Pt	139250	501	0.786609
(139062,139561)(139100,139599)(139100,139600)	Pt	139350	501	0.809186
(139162,139661)(139200,139699)(139200,139700)	Pt	139450	501	0.781060
(139262,139761)(139300,139799)(139300,139800)	Pt	139550	501	0.780131
(139362,139861)(139400,139899)(139400,139900)	Pt	139650	501	0.719326
(139462,139961)(139500,139999)(139500,140000)	Pt	139750	501	0.789062
(139562,140061)(139600,140099)(139600,140100)	Pt	139850	501	0.786410
(139662,140161)(139700,140199)(139700,140200)	Pt	139950	501	0.736744
(139762,140261)(139800,140299)(139800,140300)	Pt	140050	501	0.712951
